Ver=4 EARTH   coord=1 T**n=0 recn=    559
1.75347045673 0.00000000000       0.00000000000
0.03341656456 4.66925680417    6283.07584999140
0.00034894275 4.62610241759   12566.15169998280
0.00003497056 2.74411800971    5753.38488489680
0.00003417571 2.82886579606       3.52311834900
0.00003135896 3.62767041758   77713.77146812050
0.00002676218 4.41808351397    7860.41939243920
0.00002342687 6.13516237631    3930.20969621960
0.00001324292 0.74246356352   11506.76976979360
0.00001273166 2.03709655772     529.69096509460
0.00001199167 1.10962944315    1577.34354244780
0.00000990250 5.23268129594    5884.92684658320
0.00000901855 2.04505443513      26.29831979980
0.00000857223 3.50849156957     398.14900340820
0.00000779786 1.17882652114    5223.69391980220
0.00000753141 2.53339053818    5507.55323866740
0.00000505264 4.58292563052   18849.22754997420
0.00000492379 4.20506639861     775.52261132400
0.00000356655 2.91954116867       0.06731030280
0.00000317087 5.84901952218   11790.62908865880
0.00000284125 1.89869034186     796.29800681640
0.00000271039 0.31488607649   10977.07880469900
0.00000242810 0.34481140906    5486.77784317500
0.00000206160 4.80646606059    2544.31441988340
0.00000205385 1.86947813692    5573.14280143310
0.00000202261 2.45767795458    6069.77675455340
0.00000155516 0.83306073807     213.29909543800
0.00000132212 3.41118275555    2942.46342329160
0.00000126184 1.08302630210      20.77539549240
0.00000115132 0.64544911683       0.98032106820
Ver=4 EARTH   coord=1 T**n=1 recn=    341
6283.31966747491 0.00000000000       0.00000000000
0.00206058863 2.67823455584    6283.07584999140
0.00004303430 2.63512650414   12566.15169998280
0.00000425264 1.59046980729       3.52311834900
0.00000119261 5.79557487799      26.29831979980
0.00000108977 2.96618001993    1577.34354244780
0.00000093478 2.59212835365   18849.22754997420
0.00000072122 1.13846158196     529.69096509460
0.00000067768 1.87472304791     398.14900340820
0.00000067327 4.40918235168    5507.55323866740
0.00000059027 2.88797038460    5223.69391980220
0.00000055976 2.17471680261     155.42039943420
0.00000045407 0.39803079805     796.29800681640
0.00000036369 0.46624739835     775.52261132400
0.00000028958 2.64707383882       7.11354700080
0.00000020844 5.34138275149       0.98032106820
0.00000019097 1.84628332577    5486.77784317500
0.00000018508 4.96855124577     213.29909543800
0.00000017293 2.99116864949    6275.96230299060
0.00000016233 0.03216483047    2544.31441988340
0.00000015832 1.43049285325    2146.16541647520
0.00000014615 1.20532366323   10977.07880469900
0.00000012461 2.83432285512    1748.01641306700
0.00000011877 3.25804815607    5088.62883976680
0.00000011808 5.27379790480    1194.44701022460
0.00000011514 2.07502418155    4694.00295470760
0.00000010641 0.76614199202     553.56940284240
0.00000009969 1.30262991097    6286.59896834040
Ver=4 EARTH   coord=1 T**n=2 recn=    142
0.00052918870 0.00000000000       0.00000000000
0.00008719837 1.07209665242    6283.07584999140
0.00000309125 0.86728818832   12566.15169998280
0.00000027339 0.05297871691       3.52311834900
0.00000016334 5.18826691036      26.29831979980
0.00000015752 3.68457889430     155.42039943420
0.00000009541 0.75742297675   18849.22754997420
0.00000008937 2.05705419118   77713.77146812050
0.00000006952 0.82673305410     775.52261132400
0.00000005064 4.66284525271    1577.34354244780
0.00000004061 1.03057162962       7.11354700080
0.00000003810 3.44050803490    5573.14280143310
0.00000003463 5.14074632811     796.29800681640
0.00000003169 6.05291851171    5507.55323866740
0.00000003020 1.19246506441     242.72860397400
0.00000002886 6.11652627155     529.69096509460
0.00000002714 0.30637881025     398.14900340820
0.00000002538 2.27992810679     553.56940284240
0.00000002371 4.38118838167    5223.69391980220
0.00000002079 3.75435330484       0.98032106820
0.00000001675 0.90216407959     951.71840625060
0.00000001534 5.75900462759    1349.86740965880
0.00000001449 4.36415913970    1748.01641306700
0.00000001341 3.72061130861    1194.44701022460
0.00000001254 2.94846826628    6438.49624942560
0.00000001224 2.97328088405    2146.16541647520
0.00000001103 1.27104454479  161000.68573767410
0.00000001044 0.60409577691    3154.68708489560
0.00000000999 5.98640014468    6286.59896834040
Ver=4 EARTH   coord=1 T**n=3 recn=     22
0.00000289226 5.84384198723    6283.07584999140
0.00000034955 0.00000000000       0.00000000000
0.00000016819 5.48766912348   12566.15169998280
0.00000002962 5.19577265202     155.42039943420
0.00000001288 4.72200252235       3.52311834900
0.00000000714 5.30045809128   18849.22754997420
0.00000000635 5.96925937141     242.72860397400
0.00000000402 3.78682982419     553.56940284240
0.00000000072 4.29768126180    6286.59896834040
0.00000000067 0.90721687647    6127.65545055720
0.00000000036 5.24029648014    6438.49624942560
0.00000000024 5.16003960716   25132.30339996560
0.00000000023 3.01921570335    6309.37416979120
0.00000000017 5.82863573502    6525.80445396540
0.00000000017 3.67772863930   71430.69561812909
0.00000000009 4.58467294499    1577.34354244780
0.00000000008 1.40626662824   11856.21865142450
0.00000000008 5.07561257196    6256.77753019160
0.00000000007 2.82473374405   83996.84731811189
0.00000000005 2.71488713339   10977.07880469900
0.00000000005 3.76879847273   12036.46073488820
0.00000000005 4.28412873331    6275.96230299060
Ver=4 EARTH   coord=1 T**n=4 recn=     11
0.00000114084 3.14159265359       0.00000000000
0.00000007717 4.13446589358    6283.07584999140
0.00000000765 3.83803776214   12566.15169998280
0.00000000420 0.41925861858     155.42039943420
0.00000000041 3.14398414077       3.52311834900
0.00000000040 3.59847585840   18849.22754997420
0.00000000035 5.00298940826    5573.14280143310
0.00000000013 0.48794833701   77713.77146812050
0.00000000010 5.64801766350    6127.65545055720
0.00000000008 2.84160570605  161000.68573767410
0.00000000002 0.54912904658    6438.49624942560
Ver=4 EARTH   coord=1 T**n=5 recn=      5
0.00000000878 3.14159265359       0.00000000000
0.00000000172 2.76579069510    6283.07584999140
0.00000000050 2.01353298182     155.42039943420
0.00000000028 2.21496423926   12566.15169998280
0.00000000005 1.75600058765   18849.22754997420