Ver=4 EARTH   coord=2 T**n=0 recn=    184
0.00000279620 3.19870156017   84334.66158130829
0.00000101643 5.42248619256    5507.55323866740
0.00000080445 3.88013204458    5223.69391980220
0.00000043806 3.70444689758    2352.86615377180
0.00000031933 4.00026369781    1577.34354244780
0.00000022724 3.98473831560    1047.74731175470
0.00000018141 4.98367470263    6283.07584999140
0.00000016392 3.56456119782    5856.47765911540
0.00000014443 3.70275614914    9437.76293488700
0.00000014304 3.41117857525   10213.28554621100
0.00000011246 4.82820690530   14143.49524243060
0.00000010900 2.08574562327    6812.76681508600
0.00000010367 4.05663927946   71092.88135493269
0.00000009714 3.47303947752    4694.00295470760
0.00000009145 1.14182646613    6620.89011318780
0.00000008775 4.44016515669    5753.38488489680
0.00000008366 4.99251512180    7084.89678111520
0.00000007698 5.55425745881  167621.57585086189
0.00000007194 3.60193205752     529.69096509460
0.00000006921 4.32559054073    6275.96230299060
0.00000005579 4.41023653738    7860.41939243920
0.00000005285 2.48446991566    4705.73230754360
0.00000005208 6.24992674537   18073.70493865020
0.00000004743 0.70995680136    5884.92684658320
0.00000004529 2.33827747356    6309.37416979120
0.00000004301 1.10255777773    6681.22485339960
0.00000004093 5.11700141207   13367.97263110660
0.00000003849 1.82229412531    5486.77784317500
0.00000003681 0.43793170356    3154.68708489560
0.00000003670 4.58210192227   12194.03291462090
0.00000003617 6.04641937526    3930.20969621960
Ver=4 EARTH   coord=2 T**n=1 recn=     99
0.00000009030 3.89729061890    5507.55323866740
0.00000006177 1.73038850355    5223.69391980220
0.00000003800 5.24404145734    2352.86615377180
0.00000002834 2.47345037450    1577.34354244780
0.00000001817 0.41874743765    6283.07584999140
0.00000001499 1.83320979291    5856.47765911540
0.00000001466 5.69401926017    5753.38488489680
0.00000001301 2.18890066314    9437.76293488700
0.00000001233 4.95222451476   10213.28554621100
0.00000001021 0.12866660208    7860.41939243920
0.00000000982 0.09005453285   14143.49524243060
0.00000000865 1.73949953555    3930.20969621960
0.00000000581 2.26949174067    5884.92684658320
0.00000000524 5.65662503159     529.69096509460
0.00000000473 6.22750969242    6309.37416979120
0.00000000451 1.53288619213   18073.70493865020
0.00000000372 3.22470721320    6275.96230299060
0.00000000364 3.61614477374   13367.97263110660
0.00000000322 0.94084045832    6069.77675455340
0.00000000268 2.34341267879   11790.62908865880
0.00000000232 0.26781182579    7058.59846131540
0.00000000232 2.93325646109   22003.91463486980
0.00000000220 3.99305643742    6812.76681508600
0.00000000216 6.05952221329   10977.07880469900
0.00000000212 1.57166285369    4694.00295470760
0.00000000204 3.86264841382    6496.37494542940
0.00000000202 2.81892511133   15720.83878487840
0.00000000185 4.93512381859   12036.46073488820
Ver=4 EARTH   coord=2 T**n=2 recn=     49
0.00000001662 1.62703209173   84334.66158130829
0.00000000492 2.41382223971    1047.74731175470
0.00000000344 2.24353004539    5507.55323866740
0.00000000258 6.00906896311    5223.69391980220
0.00000000131 0.95447345240    6283.07584999140
0.00000000090 0.97606804452    1577.34354244780
0.00000000090 0.37899871725    2352.86615377180
0.00000000089 6.25807507963   10213.28554621100
0.00000000086 1.67530247303    7860.41939243920
0.00000000075 0.84213523741  167621.57585086189
0.00000000057 6.15295833679   12194.03291462090
0.00000000052 1.70501566089   14143.49524243060
0.00000000051 1.27616016740    5753.38488489680
0.00000000051 5.37229738682    6812.76681508600
0.00000000046 3.38617099014  156475.29024799570
0.00000000038 2.77761031485   10988.80815753500
0.00000000034 1.73672994279    7058.59846131540
0.00000000021 1.95248349228    8827.39026987480
0.00000000021 1.36972913918   12036.46073488820
0.00000000019 4.32945160287   17789.84561978500
0.00000000018 3.74885333072   11769.85369316640
0.00000000018 3.33419222028    8429.24126646660
0.00000000018 2.85221514199    5088.62883976680
0.00000000017 1.78116162721    5486.77784317500
0.00000000017 0.66191210656    6283.00853968860
0.00000000017 2.79601092529     796.29800681640
0.00000000017 1.35132152761   78051.58573131690
0.00000000017 4.23058370776   10977.07880469900
0.00000000017 0.21780913672    6283.14316029419
0.00000000015 0.43087848850   11790.62908865880
Ver=4 EARTH   coord=2 T**n=3 recn=     11
0.00000000011 0.23877262399    7860.41939243920
0.00000000009 1.16069982609    5507.55323866740
0.00000000008 1.65357552925    5884.92684658320
0.00000000008 2.86720038197    7058.59846131540
0.00000000008 4.02863090524    6256.77753019160
0.00000000008 2.42003508927    5753.38488489680
0.00000000007 3.04818741666    5486.77784317500
0.00000000007 2.59437103785     529.69096509460
0.00000000007 2.73399865247    6309.37416979120
0.00000000006 5.40160929468    1577.34354244780
0.00000000006 0.84181087594    6275.96230299060
Ver=4 EARTH   coord=2 T**n=4 recn=      5
0.00000000005 0.84308705203    1047.74731175470
0.00000000005 0.05711572303   84334.66158130829
0.00000000004 0.79662198849    6438.49624942560
0.00000000003 3.46779895686    6279.55273164240
0.00000000003 2.89822201212    6127.65545055720