Ver=4 NEPTUNE coord=2 T**n=0 recn=    172
0.03088622933 1.44104372626      38.13303563780
0.00027780087 5.91271882843      76.26607127560
0.00027623609 0.00000000000       0.00000000000
0.00015448133 3.50877080888      39.61750834610
0.00015355490 2.52123799481      36.64856292950
0.00001999919 1.50998669505      74.78159856730
0.00001967540 4.37778195768       1.48447270830
0.00001015137 3.21561035875      35.16409022120
0.00000605767 2.80246601405      73.29712585900
0.00000594878 2.12892708114      41.10198105440
0.00000588805 3.18655882497       2.96894541660
0.00000401830 4.16883287237     114.39910691340
0.00000279964 1.68165309699      77.75054398390
0.00000261647 3.76722704749     213.29909543800
0.00000254333 3.27120499438     453.42489381900
0.00000205590 4.25652348864     529.69096509460
0.00000140455 3.52969556376     137.03302416240
0.00000098530 4.16774829927      33.67961751290
0.00000067971 4.66970781659      71.81265315070
0.00000051257 1.95121181203       4.45341812490
0.00000041931 5.41783694467     111.43016149680
0.00000041822 5.94832001477     112.91463420510
0.00000030637 0.93620571932      42.58645376270
0.00000011084 5.88898793049     108.46121608020
0.00000009728 5.30069593532      32.19514480460
0.00000009664 0.22455797403      79.23501669220
0.00000009620 0.03944255108      70.32818044240
0.00000007386 3.00684933642     426.59819087600
0.00000007087 0.12535040656     109.94568878850
Ver=4 NEPTUNE coord=2 T**n=1 recn=     82
0.00227279214 3.80793089870      38.13303563780
0.00001803120 1.97576485377      76.26607127560
0.00001433300 3.14159265359       0.00000000000
0.00001385733 4.82555548018      36.64856292950
0.00001073298 6.08054240712      39.61750834610
0.00000147903 3.85766231348      74.78159856730
0.00000136448 0.47764957338       1.48447270830
0.00000070285 6.18782052139      35.16409022120
0.00000051899 5.05221791891      73.29712585900
0.00000042568 0.30721737205     114.39910691340
0.00000037273 4.89476629246      41.10198105440
0.00000037104 5.75999349109       2.96894541660
0.00000026399 5.21566335936     213.29909543800
0.00000018747 0.90426522185     453.42489381900
0.00000016949 4.26463671859      77.75054398390
0.00000012951 6.17709713139     529.69096509460
0.00000010502 1.20336443465     137.03302416240
0.00000004416 1.25478204684     111.43016149680
0.00000004383 6.14147099615      71.81265315070
0.00000003694 0.94837702528      33.67961751290
0.00000002957 4.77532871210       4.45341812490
0.00000002698 1.92435531119     112.91463420510
0.00000001989 3.96637567224      42.58645376270
0.00000001150 4.30568700024      37.61177077600
0.00000000944 2.21777772050     109.94568878850
0.00000000936 1.17054983940     148.07872442630
0.00000000925 2.40329074000     206.18554843720
0.00000000871 4.81775882249     152.53214255120
0.00000000726 4.13829519132      28.57180808220
Ver=4 NEPTUNE coord=2 T**n=2 recn=     25
0.00009690766 5.57123750291      38.13303563780
0.00000078815 3.62705474219      76.26607127560
0.00000071523 0.45476688580      36.64856292950
0.00000058646 3.14159265359       0.00000000000
0.00000029915 1.60671721861      39.61750834610
0.00000006472 5.60736756575      74.78159856730
0.00000005800 2.25341847151       1.48447270830
0.00000004309 1.68126737666      35.16409022120
0.00000003502 2.39142672984     114.39910691340
0.00000002649 0.65061457644      73.29712585900
0.00000001518 0.37600329684     213.29909543800
Ver=4 NEPTUNE coord=2 T**n=3 recn=      9
0.00000273423 1.01688979072      38.13303563780
0.00000002393 0.00000000000       0.00000000000
0.00000002274 2.36805657126      36.64856292950
0.00000002029 5.33364321342      76.26607127560
0.00000000538 3.21934211365      39.61750834610
0.00000000242 4.52650721578     114.39910691340
0.00000000185 1.04913770083      74.78159856730
0.00000000157 3.94195369610       1.48447270830
0.00000000155 3.62376309338      35.16409022120
Ver=4 NEPTUNE coord=2 T**n=4 recn=      1
0.00000005728 2.66872693322      38.13303563780
Ver=4 NEPTUNE coord=2 T**n=5 recn=      1
0.00000000113 4.70646877989      38.13303563780