Ver=4 NEPTUNE coord=1 T**n=0 recn=    423
5.31188633047 0.00000000000       0.00000000000
0.01798475509 2.90101273050      38.13303563780
0.01019727662 0.48580923660       1.48447270830
0.00124531845 4.83008090682      36.64856292950
0.00042064450 5.41054991607       2.96894541660
0.00037714589 6.09221834946      35.16409022120
0.00033784734 1.24488865578      76.26607127560
0.00016482741 0.00007729261     491.55792945680
0.00009198582 4.93747059924      39.61750834610
0.00008994249 0.27462142569     175.16605980020
0.00004216235 1.98711914364      73.29712585900
0.00003364818 1.03590121818      33.67961751290
0.00002284800 4.20606932559       4.45341812490
0.00001433512 2.78340432711      74.78159856730
0.00000900240 2.07606702418     109.94568878850
0.00000744996 3.19032530145      71.81265315070
0.00000506206 5.74785370252     114.39910691340
0.00000399552 0.34972342569    1021.24889455140
0.00000345195 3.46186210169      41.10198105440
0.00000340323 3.30369900416      77.75054398390
0.00000323004 2.24815188609      32.19514480460
0.00000306338 0.49684039897       0.52126486180
0.00000287322 4.50523446022       0.04818410980
0.00000282170 2.24565579693     146.59425171800
0.00000266605 4.88932609483       0.96320784650
0.00000251941 5.78166597292     388.46515523820
0.00000244722 1.24693337933       9.56122755560
0.00000232887 2.50459795017     137.03302416240
0.00000227079 1.79713054538     453.42489381900
Ver=4 NEPTUNE coord=1 T**n=1 recn=    183
38.37687716731 0.00000000000       0.00000000000
0.00016604187 4.86319129565       1.48447270830
0.00015807148 2.27923488532      38.13303563780
0.00003334701 3.68199676020      76.26607127560
0.00001305840 3.67320813491       2.96894541660
0.00000604832 1.50477747549      35.16409022120
0.00000178623 3.45318524147      39.61750834610
0.00000106537 2.45126138334       4.45341812490
0.00000105747 2.75479326550      33.67961751290
0.00000072684 5.48724732699      36.64856292950
0.00000057355 1.85767603384     114.39910691340
0.00000057069 5.21649804970       0.52126486180
0.00000035368 4.51676827545      74.78159856730
0.00000032216 5.90411489680      77.75054398390
0.00000029871 3.67043294114     388.46515523820
0.00000028866 5.16877529164       9.56122755560
0.00000028742 5.16732589024       2.44768055480
0.00000025507 5.24526281928     168.05251279940
0.00000024869 4.73193067810     182.27960680100
0.00000020205 5.78945415677    1021.24889455140
0.00000019022 1.82981144269     484.44438245600
0.00000018661 1.31606255521     498.67147645760
0.00000015094 3.98705254940      32.19514480460
0.00000015063 4.95003893760     137.03302416240
0.00000011725 4.89255650674      71.81265315070
0.00000010720 2.44148149225       4.19278569400
0.00000009882 6.08165628679       7.11354700080
0.00000009606 1.88534821556      41.10198105440
Ver=4 NEPTUNE coord=1 T**n=2 recn=     57
0.00053892649 0.00000000000       0.00000000000
0.00000295693 1.85520292248       1.48447270830
0.00000281251 1.19084538887      38.13303563780
0.00000270190 5.72143228148      76.26607127560
0.00000023023 1.21035596452       2.96894541660
0.00000009057 4.42544992035      35.16409022120
0.00000007333 0.54033306830       2.44768055480
0.00000005223 0.67427930044     168.05251279940
0.00000005201 3.02338671812     182.27960680100
0.00000004288 3.84351844003     114.39910691340
0.00000003925 3.53214557374     484.44438245600
Ver=4 NEPTUNE coord=1 T**n=3 recn=     15
0.00000031254 0.00000000000       0.00000000000
0.00000014541 1.35337075856      76.26607127560
0.00000012461 6.04431418812       1.48447270830
0.00000011547 6.11257808366      38.13303563780
0.00000001351 4.93951495175       2.96894541660
0.00000000741 2.35936954597     168.05251279940
0.00000000715 1.27409542804     182.27960680100
0.00000000664 0.55871435877      31.01948863700
0.00000000537 5.23632185196     484.44438245600
0.00000000523 4.16769839601     498.67147645760
0.00000000301 2.69253200796       7.11354700080
0.00000000206 2.51012178002      74.78159856730
0.00000000194 2.05904114139     137.03302416240
0.00000000160 5.63111039032     114.39910691340
0.00000000149 3.09327713923      35.16409022120
Ver=4 NEPTUNE coord=1 T**n=4 recn=      2
0.00000113998 3.14159265359       0.00000000000
0.00000000605 3.18211885677      76.26607127560
Ver=4 NEPTUNE coord=1 T**n=5 recn=      1
0.00000000874 3.14159265359       0.00000000000