Ver=4 MARS    coord=2 T**n=0 recn=    441
0.03197134986 3.76832042432    3340.61242669980
0.00298033234 4.10616996243    6681.22485339960
0.00289104742 0.00000000000       0.00000000000
0.00031365538 4.44651052853   10021.83728009940
0.00003484100 4.78812547889   13362.44970679920
0.00000443401 5.02642620491    3344.13554504880
0.00000442999 5.65233015876    3337.08930835080
0.00000399109 5.13056814700   16703.06213349900
0.00000292506 3.79290644595    2281.23049651060
0.00000181982 6.13648011704    6151.53388830500
0.00000163159 4.26399626634     529.69096509460
0.00000159678 2.23194610246    1059.38193018920
0.00000149297 2.16501209917    5621.84292321040
0.00000142686 1.18215016110    3340.59517304760
0.00000142685 3.21292180820    3340.62968035200
0.00000139323 2.41796344238    8962.45534991020
0.00000086377 5.74429648412    3738.76143010800
0.00000083276 5.98866315739    6677.70173505060
0.00000082544 5.36667872319    6684.74797174860
0.00000073640 5.09187524843     398.14900340820
0.00000072660 5.53775710437    6283.07584999140
0.00000063111 0.73049113369    5884.92684658320
0.00000062338 4.85071999184    2942.46342329160
0.00000060116 3.67960808826     796.29800681640
0.00000047199 4.52184736343    3149.16416058820
0.00000046953 5.13486627234    3340.67973700260
0.00000046951 5.54339723804    3340.54511639700
0.00000046630 5.47361665459   20043.67456019880
0.00000045588 2.13262507507    2810.92146160520
Ver=4 MARS    coord=2 T**n=1 recn=    287
0.00350068845 5.36847836211    3340.61242669980
0.00014116030 3.14159265359       0.00000000000
0.00009670755 5.47877786506    6681.22485339960
0.00001471918 3.20205766795   10021.83728009940
0.00000425864 3.40843812875   13362.44970679920
0.00000102039 0.77617286189    3337.08930835080
0.00000078848 3.71768293865   16703.06213349900
0.00000032708 3.45803723682    5621.84292321040
0.00000026171 2.48293558065    2281.23049651060
0.00000020712 1.44120802297    6151.53388830500
0.00000018294 6.03102943125     529.69096509460
0.00000016975 4.81115186866    3344.13554504880
0.00000015680 3.93075566599    8962.45534991020
0.00000015622 2.78241383265    3340.59517304760
0.00000015622 4.81318636318    3340.62968035200
0.00000014268 0.24640247719    2942.46342329160
0.00000013771 1.67983063909    3532.06069281140
0.00000013067 0.97324736181    6677.70173505060
0.00000012711 4.04546734935   20043.67456019880
0.00000012493 2.25620513522    5884.92684658320
0.00000009250 4.35071778619    3496.03282613400
0.00000008903 5.95437916504    2810.92146160520
0.00000008800 0.34079528233     398.14900340820
0.00000008637 1.75213704409    2544.31441988340
0.00000008102 0.84279830287    6283.07584999140
0.00000008085 4.29614034209    6684.74797174860
0.00000005864 3.69652093329    5486.77784317500
0.00000005811 3.55479498415    5092.15195811580
0.00000005618 0.03475872145    3185.19202726560
0.00000005148 0.85886443528    3340.54511639700
Ver=4 MARS    coord=2 T**n=2 recn=    130
0.00016726690 0.60221392419    3340.61242669980
0.00004986799 3.14159265359       0.00000000000
0.00000302141 5.55871276021    6681.22485339960
0.00000025767 1.89662673499   13362.44970679920
0.00000021452 0.91749968618   10021.83728009940
0.00000011820 2.24240738700    3337.08930835080
0.00000007985 2.24892866611   16703.06213349900
0.00000002960 5.89425825808    3496.03282613400
0.00000002445 5.18770525274    5621.84292321040
0.00000001779 2.58759968520   20043.67456019880
0.00000001501 3.18533003542    3532.06069281140
0.00000001428 1.25238140580    2281.23049651060
0.00000001259 4.80695172904    3185.19202726560
0.00000001109 3.80982317372    5884.92684658320
0.00000001100 1.82962075794    2942.46342329160
0.00000001029 2.35029907056    6677.70173505060
0.00000000928 0.29719160927    3344.13554504880
0.00000000883 5.18681316017    5486.77784317500
0.00000000860 3.11698318930    6151.53388830500
0.00000000853 1.33003321402     529.69096509460
0.00000000815 3.40910567373    2544.31441988340
0.00000000745 4.30248377111    3340.59517304760
0.00000000745 0.05006463495    3340.62968035200
0.00000000702 5.49076132554    8962.45534991020
0.00000000681 5.40951261308    2810.92146160520
0.00000000644 0.31400306761    5088.62883976680
0.00000000586 4.48071459693    3894.18182954220
0.00000000542 4.68895461946    3339.63210563160
0.00000000497 4.65665197749    5092.15195811580
0.00000000460 1.06670343610    3097.88382272579
Ver=4 MARS    coord=2 T**n=3 recn=     41
0.00000606506 1.98050633529    3340.61242669980
0.00000042611 0.00000000000       0.00000000000
0.00000013652 1.79588228800    6681.22485339960
0.00000002730 3.45377082121   10021.83728009940
0.00000000929 3.75226159072    3337.08930835080
0.00000000617 1.14471772765    3496.03282613400
0.00000000607 0.10618486408   13362.44970679920
0.00000000479 0.70504966293   16703.06213349900
0.00000000185 3.28778562029    3185.19202726560
0.00000000169 0.29980532608    5621.84292321040
0.00000000158 1.09025317222   20043.67456019880
0.00000000126 4.74517022983    3532.06069281140
0.00000000123 2.55664973413    3097.88382272579
0.00000000106 3.41315845439    2942.46342329160
0.00000000099 4.92257049901    2544.31441988340
0.00000000093 6.03607685759    3894.18182954220
0.00000000062 6.25738949900    3339.63210563160
0.00000000058 4.64867983361    4292.33083295040
0.00000000058 3.65295480755    6525.80445396540
0.00000000052 3.25535694335    4690.47983635860
0.00000000051 5.24063514394    5884.92684658320
0.00000000050 1.89408668049    5088.62883976680
0.00000000050 3.75358626972    6677.70173505060
0.00000000045 0.38295906298    5486.77784317500
0.00000000044 1.89342588822    3583.34103067380
0.00000000039 0.91787211117    3723.50895892300
0.00000000037 0.04871920725    2146.16541647520
0.00000000036 2.79633276263     529.69096509460
0.00000000032 1.44641701752   23384.28698689860
Ver=4 MARS    coord=2 T**n=4 recn=     11
0.00000013369 0.00000000000       0.00000000000
0.00000011334 3.45724352586    3340.61242669980
0.00000000744 0.50445805257    6681.22485339960
0.00000000148 1.05056602649   10021.83728009940
0.00000000102 2.66185835593    3496.03282613400
0.00000000053 5.27888218929    3337.08930835080
0.00000000023 1.72422342130    3185.19202726560
0.00000000022 4.09971603267    3097.88382272579
0.00000000013 5.41704779112   16703.06213349900
0.00000000013 2.06957065662   13362.44970679920
0.00000000010 0.95989595600    3894.18182954220
Ver=4 MARS    coord=2 T**n=5 recn=      5
0.00000000457 4.86794125358    3340.61242669980
0.00000000053 5.30547050586    6681.22485339960
0.00000000013 4.17736925293    3496.03282613400
0.00000000012 5.75114070583   10021.83728009940
0.00000000007 0.00000000000       0.00000000000