Ver=4 MARS    coord=1 T**n=0 recn=   1217
6.20347711583 0.00000000000       0.00000000000
0.18656368100 5.05037100303    3340.61242669980
0.01108216792 5.40099836958    6681.22485339960
0.00091798394 5.75478745111   10021.83728009940
0.00027744987 5.97049512942       3.52311834900
0.00012315897 0.84956081238    2810.92146160520
0.00010610230 2.93958524973    2281.23049651060
0.00008926772 4.15697845939       0.01725365220
0.00008715688 6.11005159792   13362.44970679920
0.00007774867 3.33968655074    5621.84292321040
0.00006797552 0.36462243626     398.14900340820
0.00004161101 0.22814975330    2942.46342329160
0.00003575079 1.66186540141    2544.31441988340
0.00003075250 0.85696597082     191.44826611160
0.00002937543 6.07893711408       0.06731030280
0.00002628122 0.64806143570    3337.08930835080
0.00002579842 0.02996706197    3344.13554504880
0.00002389420 5.03896401349     796.29800681640
0.00001798808 0.65634026844     529.69096509460
0.00001546408 2.91579633392    1751.53953141600
0.00001528140 1.14979306228    6151.53388830500
0.00001286232 3.06795924626    2146.16541647520
0.00001264356 3.62275092231    5092.15195811580
0.00001024907 3.69334293555    8962.45534991020
0.00000891567 0.18293899090   16703.06213349900
0.00000858760 2.40093704204    2914.01423582380
0.00000832724 4.49495753458    3340.62968035200
0.00000832718 2.46418591282    3340.59517304760
0.00000748724 3.82248399468     155.42039943420
0.00000723863 0.67497565801    3738.76143010800
Ver=4 MARS    coord=1 T**n=1 recn=    686
3340.85627474342 0.00000000000       0.00000000000
0.01458227051 3.60426053609    3340.61242669980
0.00164901343 3.92631250962    6681.22485339960
0.00019963338 4.26594061030   10021.83728009940
0.00003452399 4.73210386365       3.52311834900
0.00002485480 4.61277567318   13362.44970679920
0.00000841551 4.45858256765    2281.23049651060
0.00000537566 5.01589727492     398.14900340820
0.00000521041 4.99422678175    3344.13554504880
0.00000432614 2.56066402860     191.44826611160
0.00000429656 5.31646162367     155.42039943420
0.00000381747 3.53881289437     796.29800681640
0.00000314129 4.96335266049   16703.06213349900
0.00000282804 3.15967518204    2544.31441988340
0.00000205664 4.56891455660    2146.16541647520
0.00000168805 1.32894813366    3337.08930835080
0.00000157587 4.18501035954    1751.53953141600
0.00000133686 2.23325104196       0.98032106820
0.00000133563 5.97421903927    1748.01641306700
0.00000117591 6.02407213861    6151.53388830500
0.00000116561 2.21347652545    1059.38193018920
0.00000113876 2.12869455089    1194.44701022460
0.00000113595 5.42803224317    3738.76143010800
0.00000091098 1.09627836591    1349.86740965880
0.00000085342 3.90854841008     553.56940284240
0.00000083301 5.29636626272    6684.74797174860
0.00000080776 4.42813405865     529.69096509460
0.00000079531 2.24864266330    8962.45534991020
0.00000072946 2.50189460554     951.71840625060
Ver=4 MARS    coord=1 T**n=2 recn=    310
0.00058015791 2.04979463279    3340.61242669980
0.00054187645 0.00000000000       0.00000000000
0.00013908426 2.45742359888    6681.22485339960
0.00002465104 2.80000020929   10021.83728009940
0.00000398379 3.14118428289   13362.44970679920
0.00000222022 3.19436080019       3.52311834900
0.00000120957 0.54325292454     155.42039943420
0.00000061517 3.48529427371   16703.06213349900
0.00000053638 3.54191121461    3344.13554504880
0.00000034268 6.00188499119    2281.23049651060
0.00000031665 4.14015171788     191.44826611160
0.00000029839 1.99870679845     796.29800681640
0.00000023168 4.33403365928     242.72860397400
0.00000021659 3.44532466378     398.14900340820
0.00000020370 5.42191375400     553.56940284240
0.00000016227 0.65678953303       0.98032106820
0.00000016044 6.11000472441    2146.16541647520
0.00000015648 1.22086121940    1748.01641306700
0.00000014927 6.09541783564    3185.19202726560
0.00000014416 4.01923812101     951.71840625060
0.00000014317 2.61851897591    1349.86740965880
0.00000013352 0.60189008414    1194.44701022460
0.00000011934 3.86122163021    6684.74797174860
0.00000011260 4.71822363671    2544.31441988340
0.00000010396 0.25038714677     382.89653222320
0.00000009468 0.68170713564    1059.38193018920
0.00000009229 3.83209092321   20043.67456019880
0.00000009005 3.88271826102    3738.76143010800
0.00000007501 5.46498630412    1751.53953141600
Ver=4 MARS    coord=1 T**n=3 recn=    129
0.00001482423 0.44434694876    3340.61242669980
0.00000662095 0.88469178686    6681.22485339960
0.00000188268 1.28799982497   10021.83728009940
0.00000041474 1.64850786997   13362.44970679920
0.00000025994 0.00000000000       0.00000000000
0.00000022661 2.05267665262     155.42039943420
0.00000010454 1.58006906385       3.52311834900
0.00000008024 1.99858757687   16703.06213349900
0.00000004900 2.82452457966     242.72860397400
0.00000003782 2.01914272515    3344.13554504880
0.00000003176 4.59144897927    3185.19202726560
0.00000003134 0.65044714325     553.56940284240
0.00000001684 5.53835848782     951.71840625060
0.00000001511 5.71795850828     191.44826611160
0.00000001448 0.45869142895     796.29800681640
0.00000001442 2.34368495577   20043.67456019880
0.00000001302 5.36284013048       0.98032106820
0.00000001169 4.14601161433    1349.86740965880
0.00000001133 2.38180830662    6684.74797174860
0.00000001037 1.76892750558     382.89653222320
0.00000000894 5.33688328934    1194.44701022460
0.00000000807 2.74798886181    1748.01641306700
0.00000000647 3.17645475605    3583.34103067380
0.00000000640 6.10665147849    3496.03282613400
0.00000000567 5.85922384979       7.11354700080
0.00000000558 1.85212342360     398.14900340820
0.00000000519 4.93376176788    6525.80445396540
0.00000000508 1.01139298015    3149.16416058820
Ver=4 MARS    coord=1 T**n=4 recn=     36
0.00000113969 3.14159265359       0.00000000000
0.00000028725 5.63662412043    6681.22485339960
0.00000024447 5.13868481454    3340.61242669980
0.00000011187 6.03161074431   10021.83728009940
0.00000003252 0.13228350651   13362.44970679920
0.00000003190 3.56267988299     155.42039943420
0.00000000787 0.49340783377   16703.06213349900
0.00000000776 1.31734531594     242.72860397400
0.00000000494 3.06356214498    3185.19202726560
0.00000000374 2.15785846355     553.56940284240
0.00000000331 6.23159792887       3.52311834900
0.00000000197 0.44350153983    3344.13554504880
0.00000000181 0.81531283571   20043.67456019880
0.00000000168 3.73509781785    3496.03282613400
0.00000000115 1.66898531261    3583.34103067380
0.00000000092 3.40530361815    6525.80445396540
0.00000000086 0.79259553758    6684.74797174860
0.00000000064 4.47443580658    2787.04302385740
0.00000000045 5.17216217058    3097.88382272579
0.00000000041 1.21875027733   23384.28698689860
0.00000000039 5.40966345885    4136.91043351620
0.00000000036 5.53975653407    3149.16416058820
0.00000000032 1.22337093927   10025.36039844840
0.00000000029 2.40178626971    3894.18182954220
0.00000000028 4.85378781404    6127.65545055720
0.00000000027 0.42811091036    3738.76143010800
0.00000000025 1.56348878811   26724.89941359840
0.00000000023 4.16371253947    3341.59274776800
0.00000000022 5.98429191667    7477.52286021600
0.00000000021 4.27532111122    6836.64525283380
Ver=4 MARS    coord=1 T**n=5 recn=     15
0.00000000868 3.14159265359       0.00000000000
0.00000000710 4.04089996521    6681.22485339960
0.00000000510 4.49214901625   10021.83728009940
0.00000000357 5.07435505061     155.42039943420
0.00000000223 3.51351884241    3340.61242669980
0.00000000199 4.85313666795   13362.44970679920
0.00000000100 6.09089356066     242.72860397400
0.00000000069 5.19017483537   16703.06213349900
0.00000000064 1.55783055571    3185.19202726560
0.00000000035 3.68246171643     553.56940284240
0.00000000025 5.22079788019    3496.03282613400
0.00000000024 0.17861991485    3583.34103067380
0.00000000019 5.59184714460   20043.67456019880
0.00000000014 5.95565787085   23384.28698689860
0.00000000012 1.93859256739    6525.80445396540