Ver=4 VENUS   coord=2 T**n=0 recn=    210
0.05923638472 0.26702775813   10213.28554621100
0.00040107978 1.14737178106   20426.57109242200
0.00032814918 3.14159265359       0.00000000000
0.00001011392 1.08946123021   30639.85663863300
0.00000149458 6.25390296069   18073.70493865020
0.00000137788 0.86020146523    1577.34354244780
0.00000129973 3.67152483651    9437.76293488700
0.00000119507 3.70468812804    2352.86615377180
0.00000107971 4.53903677647   22003.91463486980
0.00000092029 1.53954562706    9153.90361602180
0.00000052982 2.28138172277    5507.55323866740
0.00000045617 0.72319641722   10239.58386601080
0.00000043491 6.14015776699   11790.62908865880
0.00000041700 5.99126845246   19896.88012732740
0.00000039644 3.86842095901    8635.94200376320
0.00000039175 3.94960351174     529.69096509460
0.00000038855 2.93437865147   10186.98722641120
0.00000033320 4.83194909595   14143.49524243060
0.00000023711 2.90646621218   10988.80815753500
0.00000023500 2.00770618322   13367.97263110660
0.00000021809 2.69701424951   19651.04848109800
0.00000020653 0.98666685459     775.52261132400
0.00000018579 1.80529277514   40853.14218484400
0.00000017835 5.96268643102   25934.12433108940
0.00000016976 4.13711782135   10021.83728009940
0.00000015407 3.29563855296   11015.10647733480
0.00000014949 5.61075168206   10404.73381232260
0.00000013129 5.70735942511    9683.59458111640
0.00000012936 5.42651448496   29580.47470844380
Ver=4 VENUS   coord=2 T**n=1 recn=    133
0.00513347602 1.80364310797   10213.28554621100
0.00004380100 3.38615711591   20426.57109242200
0.00000199162 0.00000000000       0.00000000000
0.00000196586 2.53001197486   30639.85663863300
0.00000014031 2.27087044687    9437.76293488700
0.00000012958 1.50735622957   18073.70493865020
0.00000011941 5.60462450426    1577.34354244780
0.00000010324 5.24224313355    2352.86615377180
0.00000009294 6.07545631303   22003.91463486980
0.00000008031 0.29371105198    9153.90361602180
0.00000007514 5.08081885990   10186.98722641120
0.00000007441 1.50257909439   11790.62908865880
0.00000004669 3.87801635015   10239.58386601080
0.00000004657 0.75073886819    5507.55323866740
0.00000004399 3.58872736593   40853.14218484400
0.00000003975 1.28397121206   10404.73381232260
0.00000003783 4.33004753984   19651.04848109800
0.00000003555 1.25927550356   19896.88012732740
0.00000003479 5.50797002160     529.69096509460
0.00000003390 4.88976070903   10988.80815753500
0.00000002884 0.08549582037   14143.49524243060
0.00000001786 0.37134513186   13367.97263110660
0.00000001600 1.68378002982   20618.01935853360
0.00000001539 1.21683853657   25934.12433108940
0.00000001341 2.90077139758   15720.83878487840
0.00000001165 6.13437155401    7860.41939243920
0.00000001115 0.66743690380   29580.47470844380
0.00000000993 1.74681248965   11322.66409830440
0.00000000991 0.55319879330   19367.18916223280
0.00000000973 0.39071758442    6283.07584999140
Ver=4 VENUS   coord=2 T**n=2 recn=     59
0.00022377665 3.38509143877   10213.28554621100
0.00000281739 0.00000000000       0.00000000000
0.00000173164 5.25563766915   20426.57109242200
0.00000026945 3.87040891568   30639.85663863300
0.00000001174 0.09768632072   10186.98722641120
0.00000000788 4.36515965295   10239.58386601080
0.00000000685 3.19139067811   11790.62908865880
0.00000000592 5.22270440328   40853.14218484400
0.00000000540 3.11657836329   18073.70493865020
0.00000000538 0.57550272342    2352.86615377180
0.00000000515 6.12821215207   10988.80815753500
0.00000000454 2.79306867629   10404.73381232260
0.00000000431 4.00778431184    1577.34354244780
0.00000000375 1.31319959789   22003.91463486980
0.00000000374 6.10468482446    9437.76293488700
0.00000000360 6.01747842320   19651.04848109800
0.00000000354 5.12509281266    9153.90361602180
0.00000000164 5.41790158607    5507.55323866740
0.00000000159 2.78191550878   19896.88012732740
0.00000000157 0.65774905071     529.69096509460
0.00000000155 2.54824315372    9683.59458111640
0.00000000150 4.58623687118   15720.83878487840
0.00000000128 5.32400510939   13367.97263110660
0.00000000115 3.23636374193   20618.01935853360
0.00000000109 2.01866665583   14143.49524243060
0.00000000106 2.28289033017    6283.07584999140
0.00000000090 5.23585072275   10596.18207843420
0.00000000087 3.28265082435   11322.66409830440
0.00000000055 4.82369879741    7058.59846131540
0.00000000044 0.58444963462   10206.17199921020
0.00000000044 2.34401612969   19367.18916223280
0.00000000039 5.84340580032   10220.39909321180
0.00000000039 3.14348236386    9411.46461508720
0.00000000038 4.55053233088    9999.98645077300
0.00000000038 1.88638747393     801.82093112380
0.00000000037 2.79630938717   25934.12433108940
0.00000000036 4.41006216127   51066.42773105500
0.00000000034 0.55287110072   11015.10647733480
0.00000000034 2.25809144959   29580.47470844380
0.00000000034 1.22706917271   10021.83728009940
0.00000000033 4.55748660340   10742.97651130560
Ver=4 VENUS   coord=2 T**n=3 recn=     15
0.00000646671 4.99166565277   10213.28554621100
0.00000019952 3.14159265359       0.00000000000
0.00000005540 0.77376923951   20426.57109242200
0.00000002526 5.44493763020   30639.85663863300
0.00000000079 1.51447613604   10186.98722641120
0.00000000058 5.70731176550   10239.58386601080
0.00000000056 0.63647808442   40853.14218484400
0.00000000031 4.72523061067   11790.62908865880
0.00000000026 1.02068113372   10988.80815753500
0.00000000025 5.60599130442    9437.76293488700
0.00000000017 2.05293621864    2352.86615377180
0.00000000011 4.33056892256   10404.73381232260
0.00000000009 1.36283915068   19651.04848109800
0.00000000007 4.69592781899   18073.70493865020
0.00000000006 2.97926526705   22003.91463486980
Ver=4 VENUS   coord=2 T**n=4 recn=      5
0.00000014102 0.31537190181   10213.28554621100
0.00000000214 3.14159265359       0.00000000000
0.00000000190 2.35466404492   20426.57109242200
0.00000000164 0.74476215141   30639.85663863300
0.00000000004 2.34190883009   40853.14218484400
Ver=4 VENUS   coord=2 T**n=5 recn=      4
0.00000000239 2.05201727566   10213.28554621100
0.00000000039 0.00000000000       0.00000000000
0.00000000011 3.82500275251   20426.57109242200
0.00000000009 2.32953116868   30639.85663863300