Ver=4 VENUS   coord=1 T**n=0 recn=    367
3.17614666774 0.00000000000       0.00000000000
0.01353968419 5.59313319619   10213.28554621100
0.00089891645 5.30650048468   20426.57109242200
0.00005477201 4.41630652531    7860.41939243920
0.00003455732 2.69964470778   11790.62908865880
0.00002372061 2.99377539568    3930.20969621960
0.00001664069 4.25018935030    1577.34354244780
0.00001438322 4.15745043958    9683.59458111640
0.00001317108 5.18668219093      26.29831979980
0.00001200521 6.15357115319   30639.85663863300
0.00000769314 0.81629615911    9437.76293488700
0.00000761380 1.95014702120     529.69096509460
0.00000707676 1.06466707214     775.52261132400
0.00000584836 3.99839884762     191.44826611160
0.00000499915 4.12340210074   15720.83878487840
0.00000429498 3.58642859752   19367.18916223280
0.00000326967 5.67736583705    5507.55323866740
0.00000326221 4.59056473097   10404.73381232260
0.00000231937 3.16251057072    9153.90361602180
0.00000179695 4.65337915578    1109.37855209340
0.00000155464 5.57043888948   19651.04848109800
0.00000128263 4.22604493736      20.77539549240
0.00000127907 0.96209822685    5661.33204915220
0.00000105547 1.53721191253     801.82093112380
0.00000099121 0.83288185132     213.29909543800
0.00000098804 5.39389655503   13367.97263110660
0.00000088031 3.88868860307    9999.98645077300
0.00000085722 0.35589249966    3154.68708489560
0.00000082094 3.21596990826   18837.49819713819
Ver=4 VENUS   coord=1 T**n=1 recn=    215
10213.52943052898 0.00000000000       0.00000000000
0.00095707712 2.46424448979   10213.28554621100
0.00014444977 0.51624564679   20426.57109242200
0.00000213374 1.79547929368   30639.85663863300
0.00000173904 2.65535879443      26.29831979980
0.00000151669 6.10635282369    1577.34354244780
0.00000082233 5.70234133730     191.44826611160
0.00000069734 2.68136034979    9437.76293488700
0.00000052408 3.60013087656     775.52261132400
0.00000038318 1.03379038025     529.69096509460
0.00000029633 1.25056322354    5507.55323866740
0.00000025056 6.10664792855   10404.73381232260
0.00000017772 6.19369798901    1109.37855209340
0.00000016510 2.64330452640       7.11354700080
0.00000014230 5.45138233941    9153.90361602180
0.00000012607 1.24464400689   40853.14218484400
0.00000012563 1.88122199199     382.89653222320
0.00000011627 4.97604495371     213.29909543800
0.00000008869 0.95282732248   13367.97263110660
0.00000007374 4.39476760580   10206.17199921020
0.00000006697 5.05673427795     801.82093112380
0.00000006552 2.28168808058    2352.86615377180
0.00000006255 4.08056644034    3154.68708489560
0.00000004882 3.44515199115   11015.10647733480
0.00000004290 0.08154809210    6283.07584999140
0.00000004084 4.12103826030   18837.49819713819
0.00000003694 2.48453945256    5661.33204915220
0.00000003555 1.48036949420    1059.38193018920
0.00000003549 6.19934345402       5.52292430740
Ver=4 VENUS   coord=1 T**n=2 recn=     70
0.00054127076 0.00000000000       0.00000000000
0.00003891460 0.34514360047   10213.28554621100
0.00001337880 2.02011286082   20426.57109242200
0.00000023836 2.04592119012      26.29831979980
0.00000019331 3.53527371458   30639.85663863300
0.00000009984 3.97130221102     775.52261132400
0.00000007046 1.51962593409    1577.34354244780
0.00000006014 0.99926757893     191.44826611160
0.00000003163 4.36095475762    9437.76293488700
0.00000002125 2.65810625752   40853.14218484400
0.00000001934 3.39287946981     382.89653222320
0.00000001460 6.04899046273     529.69096509460
0.00000001346 2.94633106219    5507.55323866740
0.00000001221 3.73339139385    3154.68708489560
0.00000001033 3.52858472904   11015.10647733480
0.00000001025 1.40598904981   10404.73381232260
0.00000000955 5.11133878923     801.82093112380
0.00000000742 1.49198584483    1109.37855209340
0.00000000602 5.19220099775    7084.89678111520
0.00000000578 0.92614279843   10239.58386601080
0.00000000525 3.32087042103     213.29909543800
0.00000000431 2.67159914364   13367.97263110660
0.00000000389 4.14116341739    8635.94200376320
0.00000000355 1.12061570874    9153.90361602180
0.00000000301 3.90047984197   10596.18207843420
0.00000000260 0.22761369281    2352.86615377180
0.00000000243 4.70747902991    6283.07584999140
0.00000000212 5.32697688872   18837.49819713819
0.00000000196 4.10467294392   11790.62908865880
0.00000000194 6.01197759470    7860.41939243920
0.00000000140 4.97015671653   14143.49524243060
0.00000000134 4.10529011674   17298.18232732620
0.00000000126 0.09854516140   18073.70493865020
0.00000000122 5.92478855457     574.34479833480
0.00000000119 3.39375528828   11322.66409830440
0.00000000108 2.25352052666   12566.15169998280
0.00000000107 0.35660030184    1059.38193018920
0.00000000093 5.48716819776   10021.83728009940
Ver=4 VENUS   coord=1 T**n=3 recn=      9
0.00000135742 4.80389020993   10213.28554621100
0.00000077846 3.66876371591   20426.57109242200
0.00000026023 0.00000000000       0.00000000000
0.00000001214 5.31970006917   30639.85663863300
0.00000000254 4.15021671822   40853.14218484400
0.00000000008 5.55523563261   51066.42773105500
0.00000000008 1.40501229148    1577.34354244780
0.00000000006 1.27791479726   10404.73381232260
0.00000000006 5.76447068962   10239.58386601080
Ver=4 VENUS   coord=1 T**n=4 recn=      5
0.00000114016 3.14159265359       0.00000000000
0.00000003209 5.20514170164   20426.57109242200
0.00000001714 2.51099591706   10213.28554621100
0.00000000050 0.71356059861   30639.85663863300
0.00000000023 5.68127607034   40853.14218484400
Ver=4 VENUS   coord=1 T**n=5 recn=      5
0.00000000874 3.14159265359       0.00000000000
0.00000000118 1.90548541922   10213.28554621100
0.00000000117 0.54643013000   20426.57109242200
0.00000000002 1.07734277826   40853.14218484400
0.00000000002 1.89460223529   30639.85663863300