Ver=4 JUPITER coord=1 T**n=0 recn=    760
0.59954691495 0.00000000000       0.00000000000
0.09695898711 5.06191793105     529.69096509460
0.00573610145 1.44406205976       7.11354700080
0.00306389180 5.41734729976    1059.38193018920
0.00097178280 4.14264708819     632.78373931320
0.00072903096 3.64042909255     522.57741809380
0.00064263986 3.41145185203     103.09277421860
0.00039806051 2.29376744855     419.48464387520
0.00038857780 1.27231724860     316.39186965660
0.00027964622 1.78454589485     536.80451209540
0.00013589738 5.77481031590    1589.07289528380
0.00008768686 3.63000324417     949.17560896980
0.00008246362 3.58227961655     206.18554843720
0.00007368057 5.08101125612     735.87651353180
0.00006263171 0.02497643742     213.29909543800
0.00006114050 4.51319531666    1162.47470440780
0.00005305457 4.18625053495    1052.26838318840
0.00005305283 1.30671236848      14.22709400160
0.00004905419 1.32084631684     110.20632121940
0.00004647249 4.69958109497       3.93215326310
0.00003045009 4.31675960318     426.59819087600
0.00002610001 1.56667594850     846.08283475120
0.00002028191 1.06376547379       3.18139373770
0.00001920959 0.97168928755     639.89728631400
0.00001764768 2.14148077766    1066.49547719000
0.00001722983 3.88036008872    1265.56747862640
0.00001633217 3.58201089758     515.46387109300
0.00001431997 4.29683690269     625.67019231240
0.00000973278 4.09764957065      95.97922721780
0.00000884439 2.43701426123     412.37109687440
Ver=4 JUPITER coord=1 T**n=1 recn=    369
529.93480757497 0.00000000000       0.00000000000
0.00489741194 4.22066689928     529.69096509460
0.00228918538 6.02647464016       7.11354700080
0.00027655380 4.57265956824    1059.38193018920
0.00020720943 5.45938936295     522.57741809380
0.00012105732 0.16985765041     536.80451209540
0.00006068051 4.42419502005     103.09277421860
0.00005433924 3.98478382565     419.48464387520
0.00004237795 5.89009351271      14.22709400160
0.00002211854 5.26771446618     206.18554843720
0.00001745919 4.92669378486    1589.07289528380
0.00001295769 5.55132765087       3.18139373770
0.00001173129 5.85647304350    1052.26838318840
0.00001163411 0.51450895328       3.93215326310
0.00001098735 5.30704981594     515.46387109300
0.00001007216 0.46478398551     735.87651353180
0.00001003574 3.15040301822     426.59819087600
0.00000847678 5.75805850450     110.20632121940
0.00000827329 4.80312015734     213.29909543800
0.00000816397 0.58643054886    1066.49547719000
0.00000725447 5.51827471473     639.89728631400
0.00000567845 5.98867049451     625.67019231240
0.00000474181 4.13245269168     412.37109687440
0.00000412930 5.73652891261      95.97922721780
0.00000345249 4.24159565410     632.78373931320
0.00000335817 3.73248749046    1162.47470440780
0.00000234340 4.03469970332     949.17560896980
0.00000234066 6.24302226646     309.27832265580
0.00000198525 1.50458442825     838.96928775040
Ver=4 JUPITER coord=1 T**n=2 recn=    191
0.00047233598 4.32148323554       7.11354700080
0.00038965550 0.00000000000       0.00000000000
0.00030629053 2.93021440216     529.69096509460
0.00003189317 1.05504615595     522.57741809380
0.00002729292 4.84545481351     536.80451209540
0.00002723358 3.41411526638    1059.38193018920
0.00001721069 4.18734385158      14.22709400160
0.00000383258 5.76790714387     419.48464387520
0.00000377524 0.76048964872     515.46387109300
0.00000367498 6.05509120409     103.09277421860
0.00000337386 3.78644384244       3.18139373770
0.00000308200 0.69356654052     206.18554843720
0.00000218408 3.81389191353    1589.07289528380
0.00000198883 5.33996443444    1066.49547719000
0.00000197445 2.48356402053       3.93215326310
0.00000155862 1.40642426467    1052.26838318840
0.00000146230 3.81373196838     639.89728631400
0.00000141932 1.63435169016     426.59819087600
0.00000129570 5.83738872525     412.37109687440
0.00000117327 1.41435462588     625.67019231240
0.00000096733 4.03383427887     110.20632121940
0.00000090823 1.10630629042      95.97922721780
0.00000087292 2.52235174825     632.78373931320
0.00000078769 4.63726131329     543.91805909620
0.00000072392 2.21716670026     735.87651353180
0.00000058475 0.83216317444     199.07200143640
0.00000056910 3.12292059854     213.29909543800
0.00000048622 1.67283791618     309.27832265580
0.00000040150 4.02485444740      21.34064100240
0.00000039784 0.62416945827     323.50541665740
Ver=4 JUPITER coord=1 T**n=3 recn=    109
0.00006501665 2.59862880482       7.11354700080
0.00001356524 1.34635886411     529.69096509460
0.00000470716 2.47503977883      14.22709400160
0.00000416960 3.24451243214     536.80451209540
0.00000352851 2.97360159003     522.57741809380
0.00000154880 2.07565585817    1059.38193018920
0.00000086771 2.51431584316     515.46387109300
0.00000044378 0.00000000000       0.00000000000
0.00000033538 3.82633794497    1066.49547719000
0.00000028457 2.44754756058     206.18554843720
0.00000023737 1.27667172313     412.37109687440
0.00000022644 2.98231326774     543.91805909620
0.00000019798 2.10099934005     639.89728631400
0.00000019740 1.40255938973     419.48464387520
0.00000018768 1.59368403500     103.09277421860
0.00000017033 2.30214681202      21.34064100240
0.00000016774 2.59821460673    1589.07289528380
0.00000016214 3.14521117299     625.67019231240
0.00000016055 3.36030126297    1052.26838318840
0.00000013392 2.75973892202      95.97922721780
0.00000013234 2.53862244340     199.07200143640
0.00000012611 6.26578110400     426.59819087600
0.00000008701 1.76334960737      10.29494073850
0.00000008637 2.26563256289     110.20632121940
0.00000006725 3.42566433316     309.27832265580
0.00000006527 4.03869562907     728.76296653100
0.00000005675 2.52096417685     508.35032409220
Ver=4 JUPITER coord=1 T**n=4 recn=     45
0.00000669483 0.85282421090       7.11354700080
0.00000114019 3.14159265359       0.00000000000
0.00000099961 0.74258947751      14.22709400160
0.00000050024 1.65346208248     536.80451209540
0.00000043585 5.82026386621     529.69096509460
0.00000031813 4.85829986650     522.57741809380
0.00000014742 4.29061635784     515.46387109300
0.00000008899 0.71478520741    1059.38193018920
0.00000004957 1.29502259434     543.91805909620
0.00000004484 2.31715516627    1066.49547719000
0.00000004251 0.48326797501      21.34064100240
0.00000003100 3.00245542678     412.37109687440
0.00000002055 0.39858940218     639.89728631400
0.00000001902 4.25925620271     199.07200143640
0.00000001762 4.90536207307     625.67019231240
0.00000001695 4.26147580803     206.18554843720
0.00000001375 5.25546955667    1052.26838318840
0.00000001203 4.71614633845      95.97922721780
0.00000001086 1.28604571172    1589.07289528380
0.00000000982 4.77990073662    1045.15483618760
0.00000000935 6.05847062188      88.86568021700
0.00000000916 5.77537499431     728.76296653100
0.00000000890 4.55299189579     426.59819087600
0.00000000784 3.40161567950     419.48464387520
0.00000000768 3.54672049322     103.09277421860
0.00000000670 0.52223307700     110.20632121940
0.00000000421 0.59561318533     117.31986822020
0.00000000415 5.22809480633     302.16477565500
0.00000000393 6.24184621807     956.28915597060
0.00000000381 5.25466966040     309.27832265580
0.00000000346 4.78348312106     508.35032409220
0.00000000331 2.95893485883    1596.18644228460
0.00000000319 3.47979828725     323.50541665740
0.00000000319 0.47990052824     831.85574074960
0.00000000295 4.32713459459     942.06206196900
0.00000000251 1.79898001222    1073.60902419080
0.00000000212 0.43917684084     220.41264243880
0.00000000188 1.12654974776    1169.58825140860
0.00000000188 2.16135407548    1361.54670584420
0.00000000180 3.43266428069    1148.24761040620
0.00000000164 1.92864127211    2118.76386037840
0.00000000157 3.02963907392    1272.68102562720
0.00000000093 5.60436000012    1581.95934828300
0.00000000085 5.02317256200    1155.36115740700
0.00000000075 3.13198879608     632.78373931320
Ver=4 JUPITER coord=1 T**n=5 recn=     10
0.00000049577 5.25658966184       7.11354700080
0.00000015761 5.25126837478      14.22709400160
0.00000004343 0.01461869263     536.80451209540
0.00000001526 1.09739911439     522.57741809380
0.00000000845 3.14159265359       0.00000000000
0.00000000728 5.85949047619     543.91805909620
0.00000000694 0.87382487754     515.46387109300
0.00000000456 0.81521692852    1066.49547719000
0.00000000293 5.62909357048    1059.38193018920
0.00000000090 0.21178119710     529.69096509460