Ver=4 JUPITER coord=2 T**n=0 recn=    249
0.02268615703 3.55852606718     529.69096509460
0.00110090358 0.00000000000       0.00000000000
0.00109971634 3.90809347389    1059.38193018920
0.00008101427 3.60509573368     522.57741809380
0.00006437782 0.30627121409     536.80451209540
0.00006043996 4.25883108794    1589.07289528380
0.00001106880 2.98534421928    1162.47470440780
0.00000944328 1.67522288396     426.59819087600
0.00000941651 2.93619072405    1052.26838318840
0.00000894088 1.75447429921       7.11354700080
0.00000835861 5.17881973234     103.09277421860
0.00000767280 2.15473594060     632.78373931320
0.00000684220 3.67808770098     213.29909543800
0.00000629223 0.64343282328    1066.49547719000
0.00000558524 0.01354830508     846.08283475120
0.00000531670 2.70305954352     110.20632121940
0.00000464449 1.17337249185     949.17560896980
0.00000431072 2.60825000494     419.48464387520
0.00000351433 4.61062990714    2118.76386037840
0.00000132160 4.77816990670     742.99006053260
0.00000123148 3.34968181384    1692.16566950240
0.00000116379 1.38688232033     323.50541665740
0.00000115038 5.04892295442     316.39186965660
0.00000103762 3.70103838110     515.46387109300
0.00000103402 2.31878999565    1478.86657406440
0.00000102420 3.15293785436    1581.95934828300
0.00000078650 3.98318653238    1265.56747862640
0.00000069935 2.56006216424     956.28915597060
0.00000063456 4.50073574333     735.87651353180
Ver=4 JUPITER coord=2 T**n=1 recn=    141
0.00177351787 5.70166488486     529.69096509460
0.00003230171 5.77941619340    1059.38193018920
0.00003081364 5.47464296527     522.57741809380
0.00002211914 4.73477480209     536.80451209540
0.00001694232 3.14159265359       0.00000000000
0.00000346445 4.74595174109    1052.26838318840
0.00000234264 5.18856099929    1066.49547719000
0.00000196154 6.18554286642       7.11354700080
0.00000150468 3.92721226087    1589.07289528380
0.00000114128 3.43897271830     632.78373931320
0.00000096667 2.91426304090     949.17560896980
0.00000081671 5.07666097497    1162.47470440780
0.00000076599 2.50522188662     103.09277421860
0.00000076572 0.61288981445     419.48464387520
0.00000073875 5.49958292155     515.46387109300
0.00000060544 5.44740084359     213.29909543800
0.00000049915 3.94799616572     735.87651353180
0.00000046032 0.53850360901     110.20632121940
0.00000045123 1.89516645239     846.08283475120
0.00000036561 4.69828392839     543.91805909620
0.00000036019 6.10952578764     316.39186965660
0.00000031975 4.92452714629    1581.95934828300
0.00000024719 3.94107395247    2118.76386037840
0.00000023156 5.84829490183     323.50541665740
0.00000021015 5.62957731410    1596.18644228460
0.00000017274 5.65310656429     533.62311835770
0.00000016698 5.66663034948    1265.56747862640
0.00000016521 5.89840100621     526.50957135690
0.00000015815 4.43314786393    1045.15483618760
Ver=4 JUPITER coord=2 T**n=2 recn=     81
0.00008094051 1.46322843658     529.69096509460
0.00000813244 3.14159265359       0.00000000000
0.00000742415 0.95691639003     522.57741809380
0.00000398951 2.89888666447     536.80451209540
0.00000342226 1.44683789727    1059.38193018920
0.00000073948 0.40724675866    1052.26838318840
0.00000046151 3.48036895772    1066.49547719000
0.00000029717 1.92504171329    1589.07289528380
0.00000029314 0.99088831805     515.46387109300
0.00000022753 4.27124052435       7.11354700080
0.00000013916 2.92242387338     543.91805909620
0.00000012067 5.22168932482     632.78373931320
0.00000010703 4.88024222475     949.17560896980
0.00000006078 6.21089108431    1045.15483618760
0.00000005935 0.52977760072    1581.95934828300
0.00000005098 6.03169795231     735.87651353180
0.00000005037 1.43444929374     526.50957135690
0.00000004564 0.91811732585    1162.47470440780
0.00000004547 4.01953745202    1596.18644228460
0.00000003593 4.54080164408     110.20632121940
0.00000003443 1.38618954572     533.62311835770
0.00000003407 0.42275631534     419.48464387520
0.00000003277 4.39650286553      14.22709400160
0.00000003113 2.48079280193    2118.76386037840
0.00000003061 2.39880866911     532.87235883230
0.00000002904 2.06041641723     316.39186965660
0.00000002541 3.98323842017     323.50541665740
0.00000002313 0.87671613055     213.29909543800
0.00000002252 0.37196434120    1155.36115740700
Ver=4 JUPITER coord=2 T**n=3 recn=     42
0.00000251624 3.38087923084     529.69096509460
0.00000121738 2.73311837200     522.57741809380
0.00000048694 1.03689996685     536.80451209540
0.00000010988 2.31463561347    1052.26838318840
0.00000008067 2.76729757621     515.46387109300
0.00000007287 4.25268318975    1059.38193018920
0.00000006205 1.78115827370    1066.49547719000
0.00000003627 1.13028917221     543.91805909620
0.00000002798 3.14159265359       0.00000000000
0.00000001898 2.28934054087       7.11354700080
0.00000001643 1.77507208483    1045.15483618760
0.00000000945 0.45261136388     632.78373931320
0.00000000876 0.32927768725    1589.07289528380
0.00000000758 0.30577920142     949.17560896980
0.00000000736 1.52532370632     735.87651353180
0.00000000731 2.63748223583      14.22709400160
0.00000000678 2.36909615348    1581.95934828300
0.00000000623 2.48056213600    1596.18644228460
0.00000000499 3.67985494258     419.48464387520
0.00000000454 0.26977404624     942.06206196900
0.00000000453 3.18232334886     526.50957135690
0.00000000409 2.88147337106     110.20632121940
0.00000000347 5.76244285870     103.09277421860
0.00000000321 4.40642025933     532.87235883230
0.00000000310 2.98017326384     508.35032409220
0.00000000300 1.66936571536     625.67019231240
0.00000000295 1.75924202728    1073.60902419080
0.00000000282 3.11087801399     533.62311835770
0.00000000263 0.55255030187     426.59819087600
Ver=4 JUPITER coord=2 T**n=4 recn=     12
0.00000015050 4.52956999637     522.57741809380
0.00000005370 4.47427159142     529.69096509460
0.00000004456 5.43908581047     536.80451209540
0.00000003422 0.00000000000       0.00000000000
0.00000001833 4.51807036227     515.46387109300
0.00000001322 4.20117611581    1052.26838318840
0.00000000755 5.59451554966     543.91805909620
0.00000000512 0.05803177475    1066.49547719000
0.00000000282 3.66807771223    1059.38193018920
0.00000000147 3.56490986181    1045.15483618760
0.00000000142 5.69936472988       7.11354700080
0.00000000112 1.16718383135      14.22709400160
Ver=4 JUPITER coord=2 T**n=5 recn=      5
0.00000001445 0.09198554072     522.57741809380
0.00000000368 0.00874408003     515.46387109300
0.00000000304 3.27902945138     536.80451209540
0.00000000129 0.33959775247     529.69096509460
0.00000000095 1.29305954542     543.91805909620