Ver=4 MERCURY coord=2 T**n=0 recn=    818
0.11737528962 1.98357498767   26087.90314157420
0.02388076996 5.03738959685   52175.80628314840
0.01222839532 3.14159265359       0.00000000000
0.00543251810 1.79644363963   78263.70942472259
0.00129778770 4.83232503961  104351.61256629678
0.00031866927 1.58088495667  130439.51570787099
0.00007963301 4.60972126348  156527.41884944518
0.00002014189 1.35324164694  182615.32199101939
0.00000513953 4.37835409309  208703.22513259358
0.00000208584 2.02020294153   24978.52458948080
0.00000207674 4.91772564073   27197.28169366760
0.00000132013 1.11908492283  234791.12827416777
0.00000121395 1.81271752059   53285.18483524180
0.00000100454 5.65684734206   20426.57109242200
0.00000099214 0.09391887097   51116.42435295920
0.00000094574 1.24184909234   31749.23519072640
0.00000091566 2.28163128692   25028.52121138500
0.00000084264 5.08510388314   51066.42773105500
0.00000078785 4.40725880000   57837.13833230060
0.00000077747 0.52557061749    1059.38193018920
0.00000049948 3.49752993688    5661.33204915220
0.00000046454 3.23739270829   77204.32749453338
0.00000044767 4.87849816734   79373.08797681599
0.00000040766 2.46558332165   46514.47423399620
0.00000037378 4.45768797944    4551.95349705880
0.00000035911 1.09057317869    1109.37855209340
0.00000034082 4.14209210575  260879.03141574195
0.00000031953 1.18516389747   83925.04147387479
0.00000031808 2.41474588439   47623.85278608960
Ver=4 MERCURY coord=2 T**n=1 recn=    494
0.00429151362 3.50169780393   26087.90314157420
0.00146233668 3.14159265359       0.00000000000
0.00022675295 0.01515366880   52175.80628314840
0.00010894981 0.48540174006   78263.70942472259
0.00006353462 3.42943919982  104351.61256629678
0.00002495743 0.16051210665  130439.51570787099
0.00000859585 3.18452433647  156527.41884944518
0.00000277503 6.21020774184  182615.32199101939
0.00000086233 2.95244391822  208703.22513259358
0.00000027696 0.29068938889   27197.28169366760
0.00000026133 5.97708962692  234791.12827416777
0.00000012831 3.37744320558   53285.18483524180
0.00000012720 0.53792661684   24978.52458948080
0.00000007781 2.71768609268  260879.03141574195
0.00000007527 3.58305121268   51066.42773105500
0.00000006183 2.92383205004   31749.23519072640
0.00000005453 1.97318763801   51116.42435295920
0.00000003481 0.10739761667   79373.08797681599
0.00000003394 0.34761695275   77154.33087262919
0.00000002932 5.95430013169   57837.13833230060
0.00000002742 0.98758439378   25028.52121138500
0.00000002380 4.00213666550   21535.94964451540
0.00000002286 5.74036496396  286966.93455731616
0.00000002126 4.16352818018   47623.85278608960
0.00000001651 4.43606584681   27043.50288318280
0.00000001523 1.97926797181    5661.33204915220
0.00000001518 5.01636479848   77204.32749453338
0.00000001398 0.66375029294   20426.57109242200
0.00000001345 3.39193943388  103242.23401420339
Ver=4 MERCURY coord=2 T**n=2 recn=    230
0.00011830934 4.79065585784   26087.90314157420
0.00001913516 0.00000000000       0.00000000000
0.00001044801 1.21216540536   52175.80628314840
0.00000266213 4.43418336532   78263.70942472259
0.00000170280 1.62255638714  104351.61256629678
0.00000096300 4.80023692017  130439.51570787099
0.00000044692 1.60758267772  156527.41884944518
0.00000018316 4.66904655377  182615.32199101939
0.00000006927 1.43404888930  208703.22513259358
0.00000002479 4.47495202955  234791.12827416777
0.00000001739 1.83080039600   27197.28169366760
0.00000000852 1.22749255198  260879.03141574195
0.00000000641 4.87358642253   53285.18483524180
0.00000000306 5.03912693671   24978.52458948080
0.00000000301 1.96098924430   51066.42773105500
0.00000000284 4.25874901943  286966.93455731616
0.00000000235 3.14549432371   51116.42435295920
0.00000000232 4.22847849119   31749.23519072640
0.00000000186 5.05207772442   77154.33087262919
0.00000000143 5.71074961492   21535.94964451540
0.00000000123 1.51066137419   79373.08797681599
0.00000000114 5.62232460770   27043.50288318280
0.00000000093 1.83776226489  103242.23401420339
0.00000000093 1.01040170383  313054.83769889036
0.00000000081 0.85802178989   57837.13833230060
0.00000000079 5.50027152752   47623.85278608960
0.00000000074 2.28645155343   50586.73338786459
0.00000000061 1.64891174657   20426.57109242200
0.00000000060 0.54679388547   37410.56723987860
Ver=4 MERCURY coord=2 T**n=3 recn=     53
0.00000235423 0.35387524604   26087.90314157420
0.00000160537 0.00000000000       0.00000000000
0.00000018904 4.36275460261   52175.80628314840
0.00000006376 2.50715381439   78263.70942472259
0.00000004580 6.14257817571  104351.61256629678
0.00000003061 3.12497552681  130439.51570787099
0.00000001732 6.26642412058  156527.41884944518
0.00000000857 3.07673166705  182615.32199101939
0.00000000384 6.14815319932  208703.22513259358
0.00000000159 2.92437378320  234791.12827416777
0.00000000062 5.97292432097  260879.03141574195
0.00000000054 3.31612529961   27197.28169366760
0.00000000023 2.74287679452  286966.93455731616
0.00000000017 0.77798463435   24978.52458948080
0.00000000012 6.24116133415   53285.18483524180
0.00000000008 5.79551081392  313054.83769889036
0.00000000006 5.81555175073   31749.23519072640
0.00000000004 4.67212195693   51116.42435295920
0.00000000004 3.36833718999   77154.33087262919
0.00000000004 0.82832725003   21535.94964451540
0.00000000003 0.79794705473   27043.50288318280
0.00000000003 0.26522113546  103242.23401420339
0.00000000002 2.57068697582  339142.74084046457
0.00000000002 1.82309397040    1109.37855209340
0.00000000002 0.74986942696   47623.85278608960
0.00000000002 3.61692083154   50586.73338786459
0.00000000002 4.70766241226   51066.42773105500
0.00000000002 5.00344393497   20426.57109242200
0.00000000002 4.80841415889   25028.52121138500
0.00000000002 5.85039338716    1059.38193018920
Ver=4 MERCURY coord=2 T**n=4 recn=     15
0.00000004276 1.74579932115   26087.90314157420
0.00000001023 3.14159265359       0.00000000000
0.00000000425 4.03419509143   52175.80628314840
0.00000000257 0.20643590425   78263.70942472259
0.00000000116 3.75237354024  104351.61256629678
0.00000000073 1.18210375402  130439.51570787099
0.00000000051 4.54581086194  156527.41884944518
0.00000000031 1.44226942756  182615.32199101939
0.00000000016 4.56372679459  208703.22513259358
0.00000000008 1.34684622635  234791.12827416777
0.00000000003 4.40269422669  260879.03141574195
0.00000000001 4.69096566687   27197.28169366760
0.00000000001 1.16082903756  286966.93455731616
0.00000000000 1.44918128781   24978.52458948080
0.00000000000 4.18046278690  313054.83769889036
Ver=4 MERCURY coord=2 T**n=5 recn=     10
0.00000000106 3.94555784256   26087.90314157420
0.00000000075 3.14159265359       0.00000000000
0.00000000022 1.30514874546   52175.80628314840
0.00000000007 4.99717136857   78263.70942472259
0.00000000004 2.05662545278  104351.61256629678
0.00000000002 5.43162058632  130439.51570787099
0.00000000001 2.68052517331  156527.41884944518
0.00000000001 6.00841870284  182615.32199101939
0.00000000000 2.85941734701  208703.22513259358
0.00000000000 5.96962108614  234791.12827416777