Ver=4 MERCURY coord=1 T**n=0 recn=   1380
4.40250710144 0.00000000000       0.00000000000
0.40989414976 1.48302034194   26087.90314157420
0.05046294199 4.47785489540   52175.80628314840
0.00855346843 1.16520322351   78263.70942472259
0.00165590362 4.11969163181  104351.61256629678
0.00034561897 0.77930765817  130439.51570787099
0.00007583476 3.71348400510  156527.41884944518
0.00003559740 1.51202669419    1109.37855209340
0.00001803463 4.10333178410    5661.33204915220
0.00001726012 0.35832239908  182615.32199101939
0.00001589923 2.99510417815   25028.52121138500
0.00001364682 4.59918318745   27197.28169366760
0.00001017332 0.88031439040   31749.23519072640
0.00000714182 1.54144865265   24978.52458948080
0.00000643759 5.30266110787   21535.94964451540
0.00000451137 6.04989275289   51116.42435295920
0.00000404200 3.28228847025  208703.22513259358
0.00000352441 5.24156297101   20426.57109242200
0.00000345212 2.79211901539   15874.61759536320
0.00000343313 5.76531885335     955.59974160860
0.00000339214 5.86327765000   25558.21217647960
0.00000325335 1.33674334780   53285.18483524180
0.00000272947 2.49451163975     529.69096509460
0.00000264336 3.91705094013   57837.13833230060
0.00000259587 0.98732428184    4551.95349705880
0.00000238793 0.11343953378    1059.38193018920
0.00000234830 0.26672118900   11322.66409830440
0.00000216645 0.65987207348   13521.75144159140
0.00000208995 2.09178234008   47623.85278608960
0.00000183359 2.62878670784   27043.50288318280
Ver=4 MERCURY coord=1 T**n=1 recn=    839
26088.14706222746 0.00000000000       0.00000000000
0.01126007832 6.21703970996   26087.90314157420
0.00303471395 3.05565472363   52175.80628314840
0.00080538452 6.10454743366   78263.70942472259
0.00021245035 2.83531934452  104351.61256629678
0.00005592094 5.82675673328  130439.51570787099
0.00001472233 2.51845458395  156527.41884944518
0.00000388318 5.48039225891  182615.32199101939
0.00000352244 3.05238094403    1109.37855209340
0.00000102743 2.14879173777  208703.22513259358
0.00000093540 6.11791163931   27197.28169366760
0.00000090579 0.00045481669   24978.52458948080
0.00000051941 5.62107554052    5661.33204915220
0.00000044370 4.57348500464   25028.52121138500
0.00000028070 3.04195430989   51066.42773105500
0.00000027295 5.09210138837  234791.12827416777
0.00000022003 0.86475371243     955.59974160860
0.00000020425 3.71509622702   20426.57109242200
0.00000020221 0.51934047295   21535.94964451540
0.00000017496 5.72663608620    4551.95349705880
0.00000016680 1.35134428173     529.69096509460
0.00000015398 5.74263453989      19.66976089979
0.00000015306 1.79184360652   11322.66409830440
0.00000013964 3.59426938083   24498.83024629040
0.00000012822 2.69591798562   53285.18483524180
0.00000012621 3.89530641889       3.88133535800
0.00000012566 4.70537436663    1059.38193018920
0.00000008639 6.06360282793   77154.33087262919
0.00000008024 3.92723313702   27043.50288318280
Ver=4 MERCURY coord=1 T**n=2 recn=    395
0.00053049845 0.00000000000       0.00000000000
0.00016903658 4.69072300649   26087.90314157420
0.00007396711 1.34735624669   52175.80628314840
0.00003018297 4.45643539705   78263.70942472259
0.00001107419 1.26226537554  104351.61256629678
0.00000378173 4.31998055900  130439.51570787099
0.00000122998 1.06868541052  156527.41884944518
0.00000038663 4.08011610182  182615.32199101939
0.00000014898 4.63343085810    1109.37855209340
0.00000011861 0.79187646439  208703.22513259358
0.00000005243 4.71799772791   24978.52458948080
0.00000003575 3.77317513032  234791.12827416777
0.00000002566 1.44059109766   27197.28169366760
0.00000002045 1.49570544876   51066.42773105500
0.00000001064 0.46023695675  260879.03141574195
0.00000000972 1.80344701358     955.59974160860
0.00000000763 4.54299337366   77154.33087262919
0.00000000654 0.98170349539    5661.33204915220
0.00000000628 6.18483168149     529.69096509460
0.00000000628 4.84930105320   24498.83024629040
0.00000000608 4.54152310086    2218.75710418680
0.00000000572 5.92841937309   25028.52121138500
0.00000000552 2.13228646570   20426.57109242200
0.00000000507 4.11466890786    4551.95349705880
0.00000000439 3.40705996719   11322.66409830440
0.00000000381 2.83442391504   26617.59410666880
0.00000000370 0.82360646560    6770.71060124560
0.00000000332 0.97416155325   25132.30339996560
Ver=4 MERCURY coord=1 T**n=3 recn=    153
0.00000188077 0.03466830117   52175.80628314840
0.00000142152 3.12505452600   26087.90314157420
0.00000096877 3.00378171915   78263.70942472259
0.00000043669 6.01867965826  104351.61256629678
0.00000035395 0.00000000000       0.00000000000
0.00000018045 2.77538373991  130439.51570787099
0.00000006971 5.81808665742  156527.41884944518
0.00000002556 2.57014364454  182615.32199101939
0.00000000900 5.59308888939  208703.22513259358
0.00000000307 2.32189002493  234791.12827416777
0.00000000117 3.16567324160   24978.52458948080
0.00000000102 5.32134064237  260879.03141574195
0.00000000077 6.24155593431   51066.42773105500
0.00000000057 6.11222330831   27197.28169366760
0.00000000038 2.99912912226   77154.33087262919
0.00000000034 2.03244612467  286966.93455731616
0.00000000031 3.11483471984   53285.18483524180
0.00000000017 6.02950226714  103242.23401420339
0.00000000011 5.00109293882  313054.83769889036
0.00000000009 0.59396483404   20426.57109242200
0.00000000009 3.65190477342   46514.47423399620
0.00000000009 6.28305510644   79373.08797681599
0.00000000008 2.74138109305  129330.13715577759
0.00000000007 5.79018632644   25132.30339996560
0.00000000005 0.33554769835   72602.37737557039
0.00000000005 1.31115810350   26617.59410666880
0.00000000004 2.46414914425   51220.20654153979
0.00000000004 1.74528964721  339142.74084046457
0.00000000004 4.31141963105   52705.49724824299
0.00000000004 3.07093349506   27043.50288318280
0.00000000004 5.68013701250   30639.85663863300
Ver=4 MERCURY coord=1 T**n=4 recn=     28
0.00000114078 3.14159265359       0.00000000000
0.00000003247 2.02848007619   26087.90314157420
0.00000001914 1.41731803758   78263.70942472259
0.00000001727 4.50137643801   52175.80628314840
0.00000001237 4.49970181057  104351.61256629678
0.00000000645 1.26591776986  130439.51570787099
0.00000000298 4.30600984981  156527.41884944518
0.00000000128 1.05702505039  182615.32199101939
0.00000000051 4.08566191934  208703.22513259358
0.00000000020 0.82130394681  234791.12827416777
0.00000000008 3.82199615635  260879.03141574195
0.00000000003 0.54824060574  286966.93455731616
0.00000000002 3.52134138964  313054.83769889036
0.00000000002 4.60718203612   51066.42773105500
0.00000000001 1.67435118540   24978.52458948080
0.00000000001 1.11396201203  129330.13715577759
Ver=4 MERCURY coord=1 T**n=5 recn=     13
0.00000000877 3.14159265359       0.00000000000
0.00000000059 3.37513289692   52175.80628314840
0.00000000043 4.65071406046   26087.90314157420
0.00000000042 0.02433099382   78263.70942472259
0.00000000031 2.98112204944  104351.61256629678
0.00000000019 6.00992467582  130439.51570787099
0.00000000010 2.75699791920  156527.41884944518
0.00000000005 5.79082359724  182615.32199101939
0.00000000002 2.51435448230  208703.22513259358
0.00000000001 5.49411470932  234791.12827416777
0.00000000001 2.23688504668  260879.03141574195
0.00000000001 5.18718589133  286966.93455731616
0.00000000000 2.11315496491  313054.83769889036