86
#长蛇座==================begin===========
18
长蛇座
207.01 -13.44 2.95 γHya
204.50 -14.34 4.90 ψHya
193.26 -31.28 4.6 βHya
187.59 -31.35 3.5 ξHya
170.21 -21.47 3.1 υHya
165.02 -24.40 3.8 μHya
159.21 -22.00 3.6 λHya
155.41 -26.04 4.1 υ1Hya
147.16 -22.22 1.95 星宿一
145.35 -16.41 4.55 τ1Hya
145.44 -14.58 4.5 τ2Hya
140.17 -13.03 3.85 θHya
134.34 -10.58 3.1 Hydrobius
132.54 -11.33 4.35 ρHya
132.20 -11.06 3.4 εHya
130.18 -12.23 4.1 δHya
131.12 -14.36 4.45 Minchir
132.18 -14.15 4.30 ηHya
18
0 1
1 2
2 3
3 4
4 5
5 6
6 7
7 8
8 9
9 10
10 11
11 12
12 13
13 14
14 15
15 16
16 17
17 13
#长蛇座==================end=============
#室女座=================begin============
12
室女座
174.09 4.35 4.00 vVir
184.35 1.07 5.90 13Vir
190.08 2.47 3.40 yVir
191.27 8.36 3.35 δVir
189.56 16.12 2.85 εVir
203.50 -2.03 0.95 αVir
214.29 2.54 4.15 κVir
220.07 9.40 3.85 μVir
202.08 8.38 3.35 ζVir
207.44 13.03 4.20 τVir
218.31 17.06 3.70 109Vir
213.47 7.11 4.05 亢宿二
12
0 1
1 2
2 3
3 4
2 5
5 6
6 11
11 7
5 8
8 3
8 9
9 10
#室女座==================end=============
#大熊座=================begin============
18
大熊座
176.55 54.23 1.85 摇光
165.42 56.22 2.20 开阳
158.56 54.19 1.75 玉衡
151.03 51.39 3.30 天权
150.28 47.08 2.40 天玑
153.39 41.32 3.65 Alkaphrah
148.48 35.32 3.00 ψUMa
141.14 28.59 3.05 中台二
139.32 29.53 3.45 中台一
135.11 49.40 2.00 天枢
139.26 45.07 2.30 天璇
129.20 38.15 5.52 ψUMa
127.15 34.53 3.15 θUMa
123.56 28.58 4.15 κUMa
122.47 29.34 3.10 上台一
126.16 42.39 3.75 μUMa
112.59 40.14 3.35 內阶一
120.49 45.10 3.65 hUMa
19
0 1
1 2
2 3
3 4
4 5
5 6
6 7
6 8
3 9
9 10
4 10
10 11
11 12
12 13
12 14
11 15
15 16
16 17
17 9
#大熊座==================end=============
#鲸鱼座=================begin============
19
鲸鱼座
0.54 -10.01 3.55 DKS
2.35 -20.47 2.00 土司空
17.48 -24.48 3.45 τCet
30.06 -28.31 4.70 σCet
33.45 -28.14 4.20 πCet
33.20 -26.00 5.20 εCet
29.43 -25.14 4.85 ρCet
21.57 -20.20 3.70 天仓四
16.13 -15.46 3.60 θCet
11.46 -16.07 3.45 DA
31.31 -15.56 6.45 刍藁增二
37.34 -14.27 4.05 δCet
39.25 -11.59 3.55 γCet
44.19 -12.35 2.50 天囷一
45.05 -7.47 4.70 λCet
41.56 -5.34 4.25 μCet
37.28 -5.51 4.30 ξ2Cet
38.23 -9.10 4.85 νCet
34.02 -4.16 4.35 ξ1Cet
20
0 1
1 2
2 3
3 4
4 5
5 6
6 7
7 8
8 9
9 1
5 10
10 11
11 12
12 13
13 14
14 15
15 16
16 17
17 12
16 18
#鲸鱼座==================end=============
#武仙座=================begin============
16
武仙座
239.12 40.00 3.70 γHer
241.05 42.42 2.72 河中
241.27 43.06 2.85 ζHer
248.19 53.14 3.90 εHer
259.54 49.17 4.40 赵
254.45 47.41 3.10 Sarin
265.13 51.06 3.40 μHer
269.11 52.41 3.70 ξHer
272.41 52.11 3.80 οHer
252.04 59.33 3.15 πHer
268.28 60.41 3.85 θHer
259.53 69.15 3.80 ιHer
238.47 60.17 3.45 ηHer
233.14 63.09 4.20 σHer
224.23 65.49 3.90 τHer
218.14 60.18 4.60 χHer
16
0 1
1 2
2 3
3 4
4 5
4 6
6 7
7 8
3 9
9 10
10 11
9 12
2 12
12 13
13 14
14 15
#武仙座==================end=============
#波江座=================begin============
28
波江座
345.18 -59.22 0.45 水委一
356.15 -57.01 3.65 χEri
1.00 -58.59 3.55 ψEri
7.56 -57.00 4.20 κEri
15.59 -54.15 4.70 sEri
18.46 -51.42 4.10 ιEri
23.16 -53.44 3.20 天园六
27.14 -58.06 4.25 eEri
40.33 -55.33 4.70 HIP
41.45 -54.18 4.15 gEri
52.30 -53.57 3.55 u4Eri
54.29 -54.32 3.95 u3Eri
59.53 -51.49 3.80 Theemim
47.21 -41.53 4.20 τ6Eri
44.12 -39.26 4.25 τ5Eri
40.06 -38.30 3.70 τ4Eri
34.32 -38.54 4.05 τ3Eri
32.06 -32.44 4.45 τ1Eri
38.44 -24.32 3.85 天苑六
43.49 -25.55 4.80 天苑五
48.09 -27.42 3.70 εEri
50.51 -28.40 3.50 Rana
66.48 -25.07 3.90 υEri
69.20 -25.22 4.00 μEri
71.02 -27.47 4.35 ωEri
75.16 -27.51 2.75 玉井三
75.12 -31.32 4.25 λEri
65.15 -36.00 3.90 Sceptrum
27
0 1
1 2
2 3
3 4
4 5
5 6
6 7
7 8
8 9
9 10
10 11
11 12
12 13
13 14
14 15
15 16
16 17
17 18
18 19
19 20
20 21
21 22
22 23
23 24
24 25
25 26
26 27
#波江座==================end=============
#飞马座=================begin============
15
飞马座
44.13 27.48 2.15 天大将军一
30.24 25.56 2.05 奎宿九
29.10 29.39 3.85 μAnd
29.08 32.33 4.50 υAnd
21.48 24.21 3.25 δAnd
14.18 25.40 2.05 壁宿二
9.09 12.35 2.80 壁宿一
353.29 19.24 2.45 室宿一
346.09 17.40 3.40 雷电一
336.50 16.20 3.50 危宿二
331.53 22.05 2.35 危宿三
359.22 31.08 2.40 室宿二
349.32 40.58 4.25 πPeg
353.03 28.47 3.95 λPeg
338.56 36.38 4.90 Jih
15
0 1
1 2
2 3
1 4
4 5
5 6
6 7
7 8
8 9
9 10
11 12
11 13
13 14
5 11
7 11
#飞马座==================end=============
#天龙座==================begin===========
14
天龙座
130.33 57.23 1.95 pp
136.25 61.75 4.35 UMI
157.45 66.35 4.20 右枢
185.00 71.05 4.25 左枢
196.65 74.43 2.05 I9
194.5 78.5 3.0 太子
183.37 84.75 4.95 IM
75.92 83.57 1.95 北极星
55 80.68 4.35 UMI
32.68 80 4.20 U9
264.75 80.27 4.25 天柸一
250.4 78 2.05 I9
252 75.27 3.0 太子
268 75 4.95 IM
14
0 1
1 2
2 3
3 4
4 5
5 6
6 7
7 8
8 9
9 10
10 11
11 12
12 13
13 10
#天龙座==================end=============
#半人马座=================begin==========
17
半人马座
213.07 -26.01 2.75 ιCen
216.28 -27.36 4.60 dCen
221.09 -28.16 3.40 υCen
222.18 -22.04 2.05 库楼三
221.32 -28.58 3.45 μCen
230.14 -25.30 2.30 ηCen
234.47 -24.01 3.30 κCen
224.20 -30.27 3.85 u1Cen
224.57 -32.56 2.55 ζCen
225.33 -39.35 2.25 εCen
233.47 -44.08 0.55 马腹一
239.27 -42.35 0.10 南门二
212.18 -40.09 2.80 γCen
210.43 -42.23 3.90 σCen
207.28 -44.30 2.55 δCen
204.27 -50.22 4.60 ΑCen
214.30 -56.47 3.10 λCen
16
0 1
1 2
2 3
2 4
4 5
5 6
4 7
7 8
8 9
9 10
10 11
8 12
12 13
13 14
14 15
15 16
#半人马座==================end===========
#宝瓶座=================begin============
15
宝瓶座
311.43 8.04 3.75 女宿一
323.23 8.36 2.90 虚宿一
333.21 10.39 2.95 危宿一
336.42 8.14 3.85 坟墓二
338.54 8.50 4.10 SadaLtager
340.24 8.08 4.00 ηAqr
341.34 -0.23 3.70 λAqr
346.18 -4.00 4.20 ψ1Aqr
343.27 -14.47 3.95 b1Aqr
333.15 2.42 4.15 泣二
335.23 -1.13 4.80 σAqr
338.35 -5.39 4.05 τAqr
338.52 -8.11 3.25 羽林军二十六
340.01 -14.29 3.65 c2Aqr
328.43 -2.04 4.25 ιAqr
14
0 1
1 2
2 3
3 4
4 5
5 6
6 7
7 8
2 9
9 10
10 11
11 12
12 13
9 14
#宝瓶座==================end=============
#蛇夫座=================begin============
7
蛇夫座
263.28 -0.41 4.75 cOph
257.58 7.11 2.45 宋
249.13 11.23 2.50 Han
243.30 16.20 3.20 楚
251.49 31.50 3.15 κOph
262.26 35.50 2.05 侯
265.20 27.50 2.75 宗正一
7
0 1
1 2
2 3
3 4
4 5
5 6
6 1
#蛇夫座==================end=============
#狮子座=================begin============
9
狮子座
140.42 9.42 2.95 Algenubi
141.25 12.20 3.85 轩辕十
147.48 11.37 5.80 39Leo
149.37 8.48 2.20 轩辕十二
147.54 4.51 3.45 ηLeo
149.49 0.27 1.35 轩辕十四
163.25 9.40 3.30 西次相
171.36 12.15 2.10 五帝座一
161.19 14.20 2.55 西上相
10
0 1
1 2
2 3
3 4
4 5
5 6
6 7
7 8
2 8
6 8
#狮子座==================end=============
#牧夫座=================begin============
9
牧夫座
199.11 25.11 4.05 uBoo
199.20 28.04 2.65 右摄提一
204.14 30.43 0.15 大角
202.47 42.27 3.55 ρBoo
197.39 49.33 3.00 招摇
204.15 54.09 3.45 七公增五
213.09 48.57 3.45 Printseps
208.06 40.37 2.50 梗河一
213.02 27.52 4.45 ζBoo
9
0 1
1 2
2 3
3 4
4 5
5 6
6 7
7 2
2 8
#牧夫座==================end=============
#双鱼座=================begin============
18
双鱼座
27.12 23.04 5.50 σPsc
28.47 17.27 4.70 uPsc
26.27 15.30 4.65 ψPsc
26.48 5.22 3.80 KullatNunu
27.44 -1.37 4.25 TS
29.22 -9.03 4.10 Alrischa
27.31 -7.55 4.60 ξPsc
25.30 -4.41 4.45 νPsc
23.08 -3.03 4.80 μPsc
17.31 1.05 4.25 εPsc
13.56 1.57 5.90 62Psc
7.58 5.28 5.35 dPsc
2.35 6.21 4.00 ωPsc
357.38 7.09 4.10 ιPsc
355.11 9.01 4.25 θPsc
351.27 7.15 3.70 γPsc
352.54 4.25 4.95 κPsc
356.35 3.25 4.45 λPsc
19
0 1
0 2
1 2
2 3
3 4
4 5
5 6
6 7
7 8
8 9
9 10
10 11
11 12
12 13
13 14
14 15
15 16
16 17
13 17
#双鱼座==================end=============
#人马座=================begin============
21
人马座
285.49 -22.29 4.25 β2Sgr
286.38 -18.22 3.95 天渊三
292.33 -20.39 4.10 ιSgr
294.52 -14.23 4.35 θ1Sgr
297.03 -7.06 4.40 TerebellumIV
291.43 -3.04 4.55 h2Sgr
284.50 -5.05 3.30 τSgr
282.23 -3.26 2.05 斗宿四
283.27 1.39 3.50 ξ2Sgr
284.59 0.51 3.75 Manubrij
288.20 3.15 4.85 dSgr
289.26 4.13 3.90 ρ1Sgr
283.38 -7.10 3.25 斗宿六
280.10 -3.57 3.15 ψSgr
276.19 -2.08 2.80 斗宿二
273.12 2.20 3.80 Polis
273.37 -13.22 3.10 ηSgr
275.04 -11.03 1.75 萁宿三
274.34 -6.28 2.70 萁宿二
271.15 -6.59 2.95 萁宿一
267.14 -4.25 4.50 2Sgr
24
0 2
1 2
2 3
3 4
4 5
5 6
6 7
7 8
8 9
9 10
10 11
7 12
8 13
12 13
13 14
14 15
16 17
17 18
18 19
19 20
17 19
12 17
13 18
14 18
#人马座==================end=============
#天鹅座=================begin============
10
天鹅座
340.27 39.29 4.60 μ1Cyg
333.02 43.41 3.20 ζCyg
327.44 49.25 2.45 天津九
324.50 57.07 2.20 天津一
316.14 64.24 2.90 Rukh
317.58 71.27 3.75 ιCyg
314.55 73.48 3.80 κCyg
335.19 59.54 1.25 天津四
312.55 54.16 3.85 ηCyg
301.15 48.58 3.35 撵道增七
9
0 1
1 2
2 3
3 4
4 5
5 6
7 3
3 8
8 9
#天鹅座==================end=============
#金牛座=================begin============
10
金牛座
82.34 5.23 1.65 五车五
72.09 0.42 4.30 τTau
68.27 -2.34 3.50 毕宿一
66.52 -3.58 3.75 HyadumII
60.21 3.55 3.60 昂宿七
65.48 -5.43 3.65 HyadumI
60.38 -7.57 3.40 λTau
51.09 -9.20 3.60 οTau
69.47 -5.28 0.85 毕宿五
84.47 -2.11 2.95 ζTau
10
0 1
1 2
2 3
3 4
3 5
5 6
6 7
2 8
8 9
5 8
#金牛座==================end=============
#鹿豹座=================begin============
5
鹿豹座
86.53 55.53 5.05 HIP
74.38 49.36 4.55 γCam
66.34 39.31 4.25 CSCam
72.02 41.31 4.95 HIP
80.58 43.25 4.25 αCam
5
0 1
1 2
2 3
3 4
4 1
#鹿豹座==================end=============
#仙女座=================begin============
5
仙女座
44.13 27.48 2.15 天大将军一
30.24 25.56 2.05 奎宿九
21.48 24.21 3.25 δAnd
29.10 29.39 3.85 μAnd
29.08 32.33 4.50 νAnd
4
0 1
1 2
1 3
3 4
#仙女座==================end=============
#船尾座=================begin============
7
船尾座
131.23 -43.16 2.80 ρPup
138.33 -58.20 2.20 弧矢增二十二
128.41 -63.46 3.25 σPup
117.43 -72.51 2.90 τPup
107.08 -66.04 3.15 νPup
120.18 -58.31 2.85 Tureis
126.02 -44.56 3.30 Asmidiske
7
0 1
1 2
2 3
3 4
4 5
5 6
6 0
#船尾座==================end=============
#巨蛇座=================begin============
12
巨蛇座
285.45 26.52 4.60 徐
275.40 20.25 3.20 ηSer
265.23 10.29 4.20 οSer
264.32 7.56 3.50 ξSer
260.17 10.15 4.30 νSer
235.56 16.14 3.50 μSer
234.19 24.00 3.70 εSer
232.04 25.30 2.60 蜀
228.20 28.52 4.10 δSer
229.56 34.19 3.65 βSer
229.46 37.06 4.05 κSer
232.47 35.11 3.85 γSer
11
0 1
1 2
2 3
3 4
5 6
6 7
7 8
8 9
9 10
10 11
9 11
#巨蛇座==================end=============
#英仙座=================begin============
11
英仙座
58.42 37.28 3.75 Miram
60.01 34.31 2.90 γPer
62.04 30.07 1.75 天船三
64.48 27.18 3.00 δPer
65.40 19.06 2.90 εPer
64.58 14.56 3.95 卷舌三
63.07 11.20 2.80 ζPer
61.08 12.11 3.85 卷舌五
56.10 22.25 2.05 大陵五
54.54 20.34 3.30 GT
51.50 20.56 4.20 16Per
10
0 1
1 2
2 3
3 4
4 5
5 6
6 7
2 8
8 9
9 10
#英仙座==================end=============
#仙后座=================begin============
5
仙后座
35.07 51.13 2.25 王良一
37.47 46.37 2.20 王良四
43.55 48.48 2.15 Navi
47.55 46.24 2.65 阁道三
54.45 47.32 3.35 εCas
4
0 1
1 2
2 3
3 4
#仙后座==================end=============
#仙王座=================begin============
5
仙王座
60.05 64.40 2.45 少卫增八
33.14 62.37 3.50 ιCep
13.57 61.08 3.35 ζCep
12.46 68.54 2.45 天钩五
35.32 71.09 3.20 上卫增一
6
0 1
1 2
2 3
3 4
4 0
1 4
#仙王座==================end=============
#天猫座=================begin============
8
天猫座
131.50 17.57 3.10 αLyn
130.34 20.06 3.90 38Lyn
127.32 20.53 4.55 HIP
125.16 23.42 4.15 10UMa
117.33 23.06 4.25 Alsciaukat
105.42 26.56 4.60 21Lyn
99.08 35.26 4.35 15Lyn
93.06 35.37 4.40 2Lyn
7
0 1
1 2
2 3
3 4
4 5
5 6
6 7
#天猫座==================end=============
#天秤座=================begin============
5
天秤座
239.52 3.28 4.10 θLib
235.08 4.23 3.90 ZE
229.22 8.29 2.60 氐宿四
225.04 0.19 2.75 氐宿一
230.41 -7.38 3.25 Bra
5
0 1
1 2
2 3
3 4
1 4
#天秤座==================end=============
#双子座=================begin============
17
双子座
113.12 6.40 1.15 北河三
111.20 5.12 4.05 uGem
108.31 -0.10 3.50 天尊二
108.46 -5.38 3.55 λGem
101.12 -10.06 3.35 Alzirr
104.59 -2.02 4.00 井宿七
99.06 -6.44 1.90 井宿三
110.14 10.05 1.90 北河二
105.26 7.45 4.40 τGem
99.56 2.04 3.05 井宿五
96.48 -3.03 4.10 νGem
95.18 -0.49 2.85 TP
93.26 -0.53 3.30 TP
90.56 -0.10 4.75 1Gem
113.39 3.04 3.55 κGem
108.57 5.45 3.75 ιGem
101.07 11.01 3.60 θGem
16
0 1
1 2
2 3
3 4
2 5
5 6
7 8
8 9
9 10
9 11
11 12
12 13
14 1
1 15
15 8
8 16
#双子座==================end=============
#巨蟹座=================begin============
6
巨蟹座
133.38 -5.04 4.25 柳宿增三
128.43 0.04 3.90 鬼宿四
124.15 -10.17 3.50 Tarf
127.32 3.11 4.65 鬼宿三
126.20 10.25 4.00 ιCncA
120.58 7.27 5.10 χCnc
5
0 1
1 2
1 3
3 4
3 5
#巨蟹座==================end=============
#船帆座=================begin============
10
船帆座
190.30 -51.05 2.70 μVel
185.56 -59.57 3.50 TK
178.50 -63.43 2.45 κVel
168.56 -67.11 1.95 δVel
164.44 -66.16 3.60 οVel
147.20 -64.27 1.75 天社一
161.11 -55.52 2.20 天纪
164.44 -51.08 3.95 ψVel
176.59 -48.15 3.85 qVel
187.23 -51.03 4.10 pVel
10
0 1
1 2
2 3
3 4
4 5
5 6
6 7
7 8
8 9
9 0
#船帆座==================end=============
#天蝎座=================begin============
13
天蝎座
264.35 -13.47 1.60 尾宿八
266.28 -15.38 2.35 κSco
267.31 -16.42 2.95 ι1Sco
265.35 -19.38 1.85 Sargas
260.44 -20.11 3.30 ηSco
257.14 -19.38 3.60 Grafias
256.14 -15.22 3.55 μ2Sco
255.19 -11.44 2.25 εSco
251.27 -6.07 2.80 Alniyat
249.45 -4.34 1.05 心宿二
243.11 1.00 2.60 房宿四
242.34 -1.59 2.35 房宿三
242.56 -5.28 2.85 πSco
12
0 1
1 2
2 3
3 4
4 5
5 6
6 7
7 8
8 9
9 10
9 11
9 12
#天蝎座==================end=============
#船底座=================begin============
10
船底座
211.58 -72.14 1.65 南船五
217.26 -67.22 3.25 ωCar
209.11 -62.08 2.70 θCar
203.10 -59.39 4.55 wCar
205.07 -56.17 3.90 xCar
202.26 -57.34 3.75 μCar
197.50 -59.53 3.80 sCar
200.04 -62.36 3.35 qCar
185.19 -67.06 2.20 海石二
173.07 -72.40 2.15 海石一
9
0 1
1 2
2 3
3 4
4 5
5 6
6 7
7 8
8 9
#船底座==================end=============
#麒麟座=================begin============
7
麒麟座
119.16 -30.27 3.90 αMon
125.08 -22.35 4.35 ζMon
109.32 -22.43 4.15 δMon
98.17 -30.15 4.60 βMon
94.14 -29.39 3.95 γMon
96.15 -18.43 4.40 εMon
92.23 -20.55 5.65 HIP
6
0 1
1 2
2 3
3 4
2 5
5 6
#麒麟座==================end=============
#玉夫座=================begin============
3
玉夫座
0.29 -32.30 4.30 αScl
336.59 -25.41 4.40 γScl
337.14 -31.42 4.35 βScl
3
0 1
1 2
2 0
#玉夫座==================end=============
#凤凰座=================begin============
8
凤凰座
1.19 -52.34 4.35 ψPhe
353.37 -52.34 3.90 δPhe
350.26 -48.11 3.30 βPhe
358.08 -47.35 3.40 γPhe
344.31 -41.47 3.90 kPhe
342.22 -55.07 4.00 ζPhe
345.29 -40.38 2.40 火鸟六
339.38 -41.57 3.85 εPhe
11
0 1
1 2
0 2
2 3
3 4
2 4
2 5
4 5
6 7
4 6
4 7
#凤凰座==================end=============
#猎犬座=================begin============
2
猎犬座
167.42 40.32 4.20 常陈四
174.33 40.07 2.85 常陈一
1
0 1
#猎犬座==================end=============
#白羊座=================begin============
4
白羊座
48.12 10.26 3.60 41Ari
37.39 9.57 2.00 娄宿三
33.58 8.29 2.60 娄宿一
33.11 7.09 4.50 娄宿二
3
0 1
1 2
2 3
#白羊座==================end=============
#摩羯座=================begin============
9
摩羯座
323.32 -2.36 2.85 垒壁阵四
321.47 -2.33 3.65 垒壁阵三
317.40 -1.22 4.25 ιCap
316.56 -6.59 3.75 ζCap
313.50 -0.35 4.05 θCap
307.57 -8.57 4.10 ωCap
304.02 4.35 3.05 牛宿一
303.51 6.55 3.55 α2Cap
307.09 -7.01 4.10 ψCap
9
0 1
1 2
2 3
3 4
2 4
4 5
4 6
6 7
6 8
#摩羯座==================end=============
#猎户座=================begin============
18
猎户座
90.48 -3.44 5.10 64Ori
92.55 -9.12 4.45 ξOri
91.51 -8.39 4.40 νOri
88.40 -3.09 4.35 χ1Ori
90.36 -13.47 4.30 μOri
88.45 -16.01 0.45 参宿四
83.42 -13.22 3.50 最宿一
80.56 -16.58 1.60 参宿五
71.55 -15.23 3.15 Tabit
72.22 -13.29 4.35 π2Ori
73.35 -12.22 4.60 π1Ori
72.06 -16.46 3.65 π4Ori
72.29 -20.00 3.70 π5Ori
73.32 -20.51 4.45 π6Ori
84.40 -25.17 1.85 参宿一
82.21 -23.33 2.40 参宿三
86.23 -33.04 2.05 参宿六
76.49 -31.07 0.15 参宿七
20
0 1
1 2
2 3
1 4
2 4
4 5
5 6
6 7
7 8
8 9
9 10
8 11
11 12
12 13
5 14
7 15
14 15
14 16
15 17
16 17
#猎户座==================end=============
#天鹰座=================begin============
9
天鹰座
304.54 18.43 3.20 θAql
300.26 21.31 3.85 ηAql
293.38 24.49 3.35 DenebOkab
289.47 36.11 2.95 DenebelOkab
288.15 37.34 4.00 εAql
287.19 17.33 3.40 AlThalimainPrior
301.46 29.18 0.75 河鼓二
300.56 31.14 2.70 河鼓三
302.25 26.39 3.70 河鼓一
8
0 1
1 2
2 3
3 4
5 2
2 6
6 7
6 8
#天鹰座==================end=============
#南十字座==================begin=========
4
南十字座
216.44 -47.49 1.55 十字架一
221.52 -52.52 1.25 十字架二
221.38 -48.38 1.25 十字架三
215.39 -50.25 2.75 δCru
2
0 1
2 3
#南十字座==================end============
#小马座==================begin=========
4
小马座
323.07 20.07 3.90 虚宿二
325.26 21.01 5.15 βEqu
324.26 24.43 5.15 δEqu
323.25 25.10 4.70 γEqu
4
0 1
1 2
2 3
3 0
#小马座==================end============
#天箭座==================begin=========
5
天箭座
301.04 38.47 4.35 左旗一
301.12 38.13 4.35 βSge
303.23 38.54 4.30 δSge
307.02 39.11 3.50 γSge
309.05 39.16 5.05 ηSge
4
0 2
1 2
2 3
3 4
#天箭座==================end============
#圆规座==================begin=========
5
圆规座
242.21 -46.12 3.15 αCir
243.04 -44.41 6.15 AXCir
245.26 -39.10 4.90 γCir
244.18 -38.55 4.05 βCir
243.05 -43.33 5.05 θCir
4
0 1
1 2
3 4
4 0
#圆规座==================end============
#盾牌座==================begin=========
5
盾牌座
279.00 14.55 3.85 αSct
282.22 18.11 4.20 βSct
282.22 17.13 5.35 RSct
283.16 7.12 5.05 HTP92814
277.08 8.41 4.65 γSct
4
0 1
1 3
3 4
4 0
#盾牌座==================end============
#南三角座==================begin=========
4
南三角座
260.53 -46.09 1.90 三角形三
251.50 -41.56 2.80 βTrA
250.28 -45.17 4.10 εTrA
249.23 -48.06 2.82 γTrA
3
0 1
1 3
3 0
#南三角座==================end============
#网罟座==================begin=========
6
网罟座
7.30 -78.02 3.30 αRet
351.23 -76.05 3.80 βRet
7.03 -75.54 4.55 δRet
19.36 -76.19 4.40 εRet
8.52 -75.58 4.95 ιRet
4.58 -76.32 4.45 γRet
4
0 1
1 2
2 3
3 0
#网罟座==================end============
#雕具座==================begin=========
3
雕具座
56.08 -62.59 4.40 αCae
59.22 -58.31 5.00 βCae
49.58 -65.19 5.05 δCae
2
0 1
0 2
#雕具座==================end============
#南冕座==================begin=========
10
南冕座
276.28 -16.26 5.15 HIP90887
278.52 -15.13 5.10 λCrA
281.35 -14.28 5.35 V686CrA
282.02 -14.16 4.80 εCrA
283.37 -14.24 5.00 γCrA
284.08 -15.18 4.10 AlphekkaMeridiana
284.03 -16.45 4.10 βCrA
283.34 -17.51 4.55 δCrA
282.20 -19.19 4.70 ξCrA
280.56 -19.48 5.35 HIP92953
9
0 1
1 2
2 3
3 4
4 5
5 6
6 7
7 8
8 9
#南冕座==================end============
#蝘蜓座==================begin=========
3
蝘蜓座
239.17 -75.24 4.05 αCha
240.25 -68.05 4.10 γCha
245.26 -63.35 4.20 βCha
2
0 1
1 2
#蝘蜓座==================end============
#三角座==================begin=========
6
三角座
36.51 16.47 3.40 娄宿增六
42.21 20.34 3.00 βTri
43.03 18.35 5.25 7Tri
43.31 18.56 4.00 γTri
43.36 19.19 4.80 δTri
41.11 15.59 5.15 6Tri
3
0 1
1 2
2 0
#三角座==================end============
#苍蝇座==================begin=========
9
苍蝇座
230.22 -56.33 2.65 αMus
234.01 -58.52 3.80 γMus
220.59 -58.21 3.60 λMus
230.09 -55.14 3.50 βMus
221.26 -98.21 4.75 μMus
226.33 -57.02 4.05 εMus
227.33 -15.57 5.70 ξ1Mus
226.31 -56.25 5.25 ξ2Mus
228.21 -55.43 6.10 BOMus
4
0 1
1 2
2 3
3 0
#苍蝇座==================end============
#飞鱼座=================begin=========
6
飞鱼座
200.35 -72.12 4.00 αVol
195.10 -75.35 3.75 βVol
204.10 -77.46 4.35 εVol
199.25 -82.28 3.95 δVol
219.51 -82.37 3.75 γ2Vol
225.45 -79.23 3.90 ξVol
5
0 1
1 2
2 3
2 4
2 5
#飞鱼座==================end============
#山案座=================begin=========
6
山案座
319.11 -81.49 5.50 μMen
307.26 -81.46 6.25 HIP
279.33 -79.59 5.15 γMen
310.44 -83.01 5.30 βMen
295.03 -80.08 5.45 ηMen
283.40 -82.30 5.75 WXMen
2
0 1
1 2
#山案座==================end============
#矩尺座=================begin=========
6
矩尺座
252.52 -25.29 4.45 εNor
252.04 -28.15 4.00 γ2Nor
252.00 -32.50 4.95 κNor
248.52 -27.54 4.65 ηNor
251.32 -28.15 4.95 γ1Nor
250.38 -25.40 5.10 θNor
5
0 1
1 2
2 3
1 3
3 0
#矩尺座==================end============
#北冕座================begin=========
7
北冕座
229.00 49.09 4.95 ιCrB
229.07 46.04 4.10 εCrB
227.01 44.45 4.55 δCrB
224.52 44.30 4.05 γCrB
222.17 44.19 2.20 贯索四
219.06 46.03 3.65 贯索三
219.27 48.33 4.20 θCrB
6
0 1
1 2
2 3
3 4
4 5
5 6
#北冕座==================end============
#剑鱼座===============begin=========
5
剑鱼座
36.32 -70.08 4.25 γDor
37.49 -74.34 3.60 αDor
52.07 -85.02 3.75 βDor
26.26 -88.15 4.30 δDor
79.06 -86.28 4.65 HIP27890
5
0 1
1 2
2 3
3 4
4 2
#剑鱼座==================end============
#小犬座===============begin=========
2
小犬座
112.11 -13.29 2.85 南河二
115.46 -16.01 0.4 南河三
1
0 1
#小犬座==================end============
#乌鸦座===============begin=========
6
乌鸦座
193.48 -11.41 4.30 ηCrv
193.27 -12.11 2.90 轸宿三
190.43 -14.30 2.55 天津九
191.39 -19.40 3.00 Minkar
192.14 -21.44 4.00 右辖
197.22 -18.02 2.65 Kraz
6
0 1
1 2
2 3
3 4
3 5
5 1
#乌鸦座==================end============
#海豚座===============begin=========
11
海豚座
314.03 29.04 4.00 DenebDulfim
316.20 31.55 4.10 瓠瓜四
318.06 31.56 4.40 δDel
319.22 32.42 4.25 γ2Del
317.22 33.01 3.85 αDel
315.15 27.29 5.05 κDel
315.19 28.49 5.40 ιDel
316.13 30.36 5.65 θDel
317.20 31.38 6.00 10Del
315.45 32.09 4.60 ξDel
314.49 30.40 5.35 ηDel
5
0 1
1 2
2 3
3 4
4 1
#海豚座==================end============
#蝎虎座===============begin=========
9
蝎虎座
354.00 44.23 4.10 1Lac
1.26 47.32 4.50 6Lac
5.13 51.24 4.30 5Lac
8.08 53.17 3.75 αLac
8.37 55.33 4.40 βLac
5.52 53.19 4.55 4Lac
2.15 51.18 4.55 2Lac
10.43 53.40 4.60 9Lac
4.37 47.30 4.50 11Lac
6
0 1
1 2
2 3
3 4
4 5
5 2
#蝎虎座==================end============
#天燕座===============begin=========
6
天燕座
254.25 -58.14 3.80 αAps
262.42 -56.00 3.85 γAps
262.56 -54.33 4.20 βAps
261.30 -55.59 4.65 δ1Aps
253.53 -59.46 5.05 εAps
254.48 -60.34 4.85 ηAps
2
0 1
1 2
#天燕座==================end============
#显微镜座===============begin=========
4
显微镜座
305.37 -15.26 4.85 αMic
308.25 -14.39 4.65 γMic
311.56 -15.39 4.70 εMic
309.28 -15.03 5.20 2PsA
2
0 1
1 2
#显微镜座==================end============
#罗盘座===============begin=========
5
罗盘座
145.27 -43.17 4.00 γPyx
146.30 -48.55 3.65 αPyx
146.48 -51.09 3.95 βPyx
143.19 -45.53 4.85 ξPyx
146.51 -42.51 4.85 δPyx
2
0 1
1 2
#罗盘座==================end============
#小狮座===============begin=========
4
小狮座
133.49 20.44 4.50 10LMi
141.00 22.06 4.45 21LMi
150.52 24.55 3.75 46LMi
144.32 25.03 4.60 βLMi
4
0 1
1 2
2 3
3 1
#小狮座==================end============
#天坛座===============begin=========
7
天坛座
264.56 -26.33 2.80 αAra
271.11 -26.39 3.65 θAra
264.12 -32.15 2.80 βAra
264.17 -33.06 3.30 γAra
265.33 -37.21 3.60 δAra
258.54 -36.16 3.75 ηAra
259.49 -33.05 3.10 ξAra
7
0 1
1 2
2 3
3 4
4 5
5 6
6 0
#天坛座=================end============
#唧筒座===============begin=========
2
唧筒座
172.26 -37.25 4.25 αAnt
168.33 -44.27 5.20 ηAnt
1
0 1
#唧筒座=================end============
#水蛇座===============begin=========
5
水蛇座
342.06 -64.14 2.85 αHyi
329.10 -69.48 4.05 δHyi
331.54 -71.12 4.10 εHyi
310.28 -76.45 3.25 γHyi
300.57 -64.47 2.80 βHyi
4
0 1
1 2
2 3
3 4
#水蛇座=================end============
#南鱼座===============begin=========
11
南鱼座
333.51 -21.08 1.15 北落师门
331.19 -17.16 4.15 εPsA
322.16 -15.16 5.60 ηPsA
318.36 -16.33 5.00 θPsA
322.39 -19.48 4.90 τPsA
327.10 -21.21 4.25 βPsA
332.11 -23.38 4.20 δPsA
331.19 -23.38 4.50 γPsA
322.06 -20.05 4.50 μPsA
317.15 -18.20 4.35 ιPsA
332.43 -26.18 5.10 πPsA
6
0 1
1 2
2 3
3 4
4 5
5 6
#南鱼座=================end============
#绘架座===============begin=========
3
绘架座
82.32 -74.25 3.85 βPic
82.10 -79.32 4.50 γPic
144.06 -83.02 3.20 αPic
2
0 1
1 2
#绘架座=================end============
#时钟座===============begin=========
3
时钟座
45.49 -61.43 3.85 αHor
2.28 -63.39 5.20 ξHor
358.07 -69.27 5.10 μHor
2
0 1
1 2
#时钟座=================end============
#望远镜座===============begin=========
3
望远镜座
275.04 -22.38 3.45 αTel
275.14 -25.45 4.10 ξTel
272.20 -22.32 4.50 εTel
1
0 1
#望远镜座=================end============
#狐狸座===============begin=========
2
狐狸座
310.51 46.59 4.65 15Vul
299.37 45.56 5.80 8Vul
1
0 1
#狐狸座=================end============
#天鸽座===============begin=========
7
天鸽座
78.41 -58.37 3.85 εCol
82.10 -57.22 2.65 丈人一
86.25 -59.10 3.10 子二
89.01 -58.43 4.35 γCol
96.28 -58.29 4.35 κCol
98.25 -56.42 3.85 δCol
89.36 -66.15 3.95 ηCol
6
0 1
1 2
2 3
3 4
4 5
2 6
#天鸽座=================end============
#巨爵座===============begin=========
8
巨爵座
173.41 -22.42 4.05 翼宿一
178.33 -25.38 4.45 βCrt
179.14 -19.39 4.05 γCrt
176.41 -17.34 3.55 Labr
176.14 -13.28 4.80 εCrt
178.35 -11.18 4.70 θCrt
186.05 -16.05 5.15 ηCrt
184.04 -18.17 4.95 ξCrt
8
0 1
1 2
2 3
3 4
4 5
5 6
6 7
7 2
#巨爵座================end============
#天琴座===============begin=========
9
天琴座
285.19 61.44 0.01 织女一
288.06 60.20 4.30 ξ1Lyr
291.39 59.19 4.20 δ2Lyr
291.55 55.00 3.25 渐台三
288.53 55.59 3.50 渐台二
292.08 54.26 4.90 λLyr
288.37 62.23 5.00 ε1Lyr
296.12 58.01 5.25 ιLyr
294.54 54.29 5.20 17Lyr
5
0 1
1 2
2 3
3 4
4 1
#天琴座================end============
#天兔座===============begin=========
13
天兔座
91.53 -38.21 4.65 θLep
88.53 -37.36 3.70 ηLep
85.59 -38.12 3.55 ξLep
81.22 -41.03 2.55 厕一
87.10 -44.18 3.75 δLep
84.50 -45.49 3.55 γLep
79.40 -43.54 2.80 βLep
72.03 -44.57 3.15 εLep
75.23 -39.03 3.25 μLep
77.46 -36.11 4.25 λLep
77.59 -35.20 5.25 υLep
75.54 -35.48 4.40 κLep
75.45 -34.43 4.45 ιLep
13
0 1
1 2
2 3
3 4
4 5
5 6
6 3
6 7
7 8
8 9
9 10
8 11
11 12
#天兔座================end============
#南极座===============begin=========
3
南极座
259.01 -62.19 4.30 δOct
289.41 -57.46 3.70 υOct
288.01 -62.39 4.10 βOct
3
0 1
1 2
2 0
#南极座================end============
#印第安座===============begin=========
3
印第安座
299.06 -27.45 3.10 αInd
297.47 -39.09 3.65 βInd
304.11 -35.46 4.45 θInd
3
0 1
1 2
2 0
#印第安座================end============
#杜鹃座===============begin=========
4
杜鹃座
309.40 -45.24 2.85 αTuc
320.26 -47.50 3.95 γTuc
326.34 -57.21 4.50 β2Tuc
322.22 -57.43 4.20 ξTuc
3
0 1
1 2
1 3
#杜鹃座================end============
#六分仪座===============begin=========
2
六分仪座
159.29 -9.19 5.05 βSex
154.06 -11.06 4.45 αSex
1
0 1
#六分仪座================end============
#豺狼座===============begin=========
12
豺狼座
242.50 -13.10 3.95 χLup
246.44 -15.37 4.20 θLup
245.46 -17.46 3.40 ηLup
241.29 -21.14 2.95 γLup
238.39 -21.25 3.20 δLup
237.29 -17.10 3.55 φ1Lup
235.01 -25.02 2.65 βLup
233.30 -30.01 2.30 αLup
229.45 -29.07 4.90 τ2Lup
240.45 -32.49 3.40 ξLup
233.37 -32.10 4.05 ρLup
242.26 -22.27 4.30 ωLup
13
0 1
1 2
0 2
2 3
3 4
4 5
4 6
6 7
7 8
7 9
9 10
9 11
11 3
#豺狼座================end============
#天鹤座===============begin=========
10
天鹤座
317.25 -23.03 3.00 AIDhanab
318.56 -25.58 4.45 λGru
315.54 -32.54 1.70 鹤一
321.36 -31.20 3.95 δ1Gru
321.34 -31.36 4.10 δ2Gru
328.50 -34.26 4.30 θGru
328.30 -36.15 3.85 ιGru
322.19 -35.25 2.05 βGru
320.43 -39.47 3.45 εGru
321.55 -41.59 4.10 ξGru
8
0 1
1 2
2 3
3 5
5 6
6 7
7 8
7 9
#天鹤座================end============
#孔雀座===============begin=========
11
孔雀座
267.58 -41.18 3.60 ηPav
271.14 -40.14 4.30 πPav
273.31 -38.07 4.35 ξPav
277.48 -39.06 4.20 λPav
277.37 -44.10 4.40 κPav
275.06 -48.10 4.00 ζPav
283.31 -50.53 3.95 εPav
287.37 -44.42 3.55 δPav
292.29 -45.57 3.40 βPav
298.36 -46.58 4.20 γPav
293.49 -36.16 1.90 孔雀十一
12
0 1
1 2
2 3
1 3
3 4
4 5
5 6
6 7
4 7
7 9
7 10
9 10
#孔雀座================end============
#大犬座===============begin=========
18
大犬座
106.11 -34.43 4.05 θCMa
109.36 -37.59 4.10 天狼增四
107.31 -39.38 4.35 ιCMa
104.04 -39.36 1.45 天狼
107.14 -42.56 4.80 15CMa
111.00 -46.07 3.00 ο2CMa
113.23 -48.27 1.80 弧矢一
111.33 -50.13 3.45 σCMa
108.09 -46.46 3.85 ο1CMa
101.44 -42.19 3.95 υ2CMa
97.11 -41.15 1.95 军市一
101.39 -46.02 4.50 ζ2CMa
100.39 -46.33 4.30 ξ1CMa
110.45 -51.21 1.50 弧矢七
97.22 -53.22 3.00 孙增一
108.33 -55.08 3.50 κCMa
115.37 -48.33 4.00 ωCMa
119.32 -50.36 2.45 弧矢二
18
0 1
1 2
0 2
2 3
3 4
4 5
5 6
6 7
7 8
8 9
9 10
9 11
7 13
13 14
13 15
6 16
16 17
3 9
#大犬座================end============
#后发座===============begin=========
3
后发座
188.56 22.58 4.30 Diadem
184.21 32.30 4.20 βCom
173.53 28.23 4.35 γCom
2
0 1
1 2
#后发座================end============
#天炉座===============begin=========
2
天炉座
34.36 -44.41 3.90 αFor
26.14 -45.51 4.45 βFor
1
0 1
#天炉座================end============