Ver=4 URANUS  coord=1 T**n=0 recn=    947
5.48129294299 0.00000000000       0.00000000000
0.09260408252 0.89106421530      74.78159856730
0.01504247826 3.62719262195       1.48447270830
0.00365981718 1.89962189068      73.29712585900
0.00272328132 3.35823710524     149.56319713460
0.00070328499 5.39254431993      63.73589830340
0.00068892609 6.09292489045      76.26607127560
0.00061998592 2.26952040469       2.96894541660
0.00061950714 2.85098907565      11.04570026390
0.00026468869 3.14152087888      71.81265315070
0.00025710505 6.11379842935     454.90936652730
0.00021078897 4.36059465144     148.07872442630
0.00017818665 1.74436982544      36.64856292950
0.00014613471 4.73732047977       3.93215326310
0.00011162535 5.82681993692     224.34479570190
0.00010997934 0.48865493179     138.51749687070
0.00009527487 2.95516893093      35.16409022120
0.00007545543 5.23626440666     109.94568878850
0.00004220170 3.23328535514      70.84944530420
0.00004051850 2.27754158724     151.04766984290
0.00003490352 5.48305567292     146.59425171800
0.00003354607 1.06549008887       4.45341812490
0.00003144093 4.75199307603      77.75054398390
0.00002926671 4.62903695486       9.56122755560
0.00002922410 5.35236743380      85.82729883120
0.00002272790 4.36600802756      70.32818044240
0.00002148599 0.60745800902      38.13303563780
0.00002051209 1.51773563459       0.11187458460
0.00001991726 4.92437290826     277.03499374140
0.00001666910 3.62744580852     380.12776796000
Ver=4 URANUS  coord=1 T**n=1 recn=    426
75.02543121646 0.00000000000       0.00000000000
0.00154458244 5.24201658072      74.78159856730
0.00024456413 1.71255705309       1.48447270830
0.00009257828 0.42844639064      11.04570026390
0.00008265977 1.50220035110      63.73589830340
0.00007841715 1.31983607251     149.56319713460
0.00003899105 0.46483574024       3.93215326310
0.00002283777 4.17367533997      76.26607127560
0.00001926600 0.53013080152       2.96894541660
0.00001232727 1.58634458237      70.84944530420
0.00000791206 5.43641224143       3.18139373770
0.00000766954 1.99555409575      73.29712585900
0.00000481671 2.98401996914      85.82729883120
0.00000449798 4.13826237508     138.51749687070
0.00000445600 3.72300400331     224.34479570190
0.00000426554 4.73126059388      71.81265315070
0.00000353752 2.58324496886     148.07872442630
0.00000347735 2.45372261286       9.56122755560
0.00000317084 5.57855232072      52.69019803950
0.00000205585 2.36263144251       2.44768055480
0.00000189068 4.20242881378      56.62235130260
0.00000183762 0.28371004654     151.04766984290
0.00000179920 5.68367730922      12.53017297220
0.00000171084 3.00060075287      78.71375183040
0.00000158029 2.90931969498       0.96320784650
0.00000154670 5.59083925605       4.45341812490
0.00000153515 4.65186885939      35.16409022120
0.00000151984 2.94217326890      77.75054398390
0.00000143464 2.59049246726      62.25142559510
Ver=4 URANUS  coord=1 T**n=2 recn=    151
0.00053033277 0.00000000000       0.00000000000
0.00002357636 2.26014661705      74.78159856730
0.00000769129 4.52561041823      11.04570026390
0.00000551533 3.25814281023      63.73589830340
0.00000541532 2.27573907424       3.93215326310
0.00000529473 4.92348433826       1.48447270830
0.00000257521 3.69059216858       3.18139373770
0.00000238835 5.85806638405     149.56319713460
0.00000181904 6.21763603405      70.84944530420
0.00000053504 1.44225240953      76.26607127560
0.00000049401 6.03101301723      56.62235130260
0.00000044753 3.90904910523       2.44768055480
0.00000044530 0.81152639478      85.82729883120
0.00000038222 1.78467827781      52.69019803950
0.00000037403 4.46228598032       2.96894541660
0.00000033029 0.86388149962       9.56122755560
0.00000029423 5.09818697708      73.29712585900
0.00000024292 2.10702559049      18.15924726470
0.00000022491 5.99320728691     138.51749687070
0.00000022135 4.81730808582      78.71375183040
0.00000021392 2.39880709309      77.96299230500
0.00000020578 2.16918786539     224.34479570190
0.00000017226 2.53537183199     145.63104387150
0.00000016777 3.46631344086      12.53017297220
0.00000012012 0.01941361902      22.09140052780
0.00000011010 0.08496274370     127.47179660680
0.00000010476 5.16453084068      71.60020482960
0.00000010466 4.45556032593      62.25142559510
0.00000008668 4.25550086984       7.11354700080
0.00000008387 5.50115930045      67.66805156650
Ver=4 URANUS  coord=1 T**n=3 recn=     46
0.00000120936 0.02418789918      74.78159856730
0.00000068064 4.12084267733       3.93215326310
0.00000052828 2.38964061260      11.04570026390
0.00000045806 0.00000000000       0.00000000000
0.00000045300 2.04423798410       3.18139373770
0.00000043754 2.95965039734       1.48447270830
0.00000024969 4.88741307918      63.73589830340
0.00000021061 4.54511486862      70.84944530420
0.00000019897 2.31320314136     149.56319713460
0.00000008901 1.57548871761      56.62235130260
0.00000004271 0.22777319552      18.15924726470
0.00000003613 5.39244611308      76.26607127560
0.00000003572 0.95052448578      77.96299230500
0.00000003488 4.97622811775      85.82729883120
0.00000003479 4.12969359977      52.69019803950
0.00000002696 0.37287796344      78.71375183040
0.00000002328 0.85770961794     145.63104387150
0.00000002156 5.65647821519       9.56122755560
0.00000001946 2.67997393431       7.11354700080
0.00000001613 0.48764377311      71.60020482960
0.00000001475 5.19957293069      73.29712585900
0.00000001363 4.86983744746     224.34479570190
0.00000001333 1.25032115614      12.53017297220
0.00000001225 3.93406822032      22.09140052780
0.00000000911 2.18921999026     127.47179660680
0.00000000811 3.98323855938     462.02291352810
0.00000000808 5.06374463008     447.79581952650
0.00000000722 1.05856935832     138.51749687070
0.00000000718 0.34600103024       5.62907429250
0.00000000687 2.93752748595     131.40394986990
0.00000000463 1.58927254512     151.04766984290
0.00000000414 4.32904287620     120.35824960600
0.00000000382 5.93515231196      45.57665103870
0.00000000372 0.73596518002     269.92144674060
0.00000000358 1.10916640253     333.65734504400
0.00000000345 3.05968942771     561.18353448360
Ver=4 URANUS  coord=1 T**n=4 recn=      7
0.00000113855 3.14159265359       0.00000000000
0.00000005599 4.57882424417      74.78159856730
0.00000003203 0.34623003207      11.04570026390
0.00000001217 3.42199121826      56.62235130260
0.00000000634 4.65759668097      18.15924726470
0.00000000171 3.80393539303     149.56319713460
0.00000000133 4.35519131657      63.73589830340
Ver=4 URANUS  coord=1 T**n=5 recn=      1
0.00000000873 3.14159265359       0.00000000000