Ver=4 URANUS  coord=2 T**n=0 recn=    283
0.01346277639 2.61877810545      74.78159856730
0.00062341405 5.08111175856     149.56319713460
0.00061601203 3.14159265359       0.00000000000
0.00009963744 1.61603876357      76.26607127560
0.00009926151 0.57630387917      73.29712585900
0.00003259455 1.26119385960     224.34479570190
0.00002972318 2.24367035538       1.48447270830
0.00002010257 6.05550401088     148.07872442630
0.00001522172 0.27960386377      63.73589830340
0.00000924055 4.03822927853     151.04766984290
0.00000760624 6.14000431923      71.81265315070
0.00000522309 3.32085194770     138.51749687070
0.00000462630 0.74256727574      85.82729883120
0.00000436843 3.38082524317     529.69096509460
0.00000434625 0.34065281858      77.75054398390
0.00000430668 3.55445034854     213.29909543800
0.00000420265 5.21279984788      11.04570026390
0.00000244698 0.78795150326       2.96894541660
0.00000232649 2.25716421383     222.86032299360
0.00000215838 1.59121704940      38.13303563780
0.00000179935 3.72487952673     299.12639426920
0.00000174895 1.23550262213     146.59425171800
0.00000173667 1.93654269131     380.12776796000
0.00000160368 5.33635436463     111.43016149680
0.00000144064 5.96239326415      35.16409022120
0.00000116363 5.73877190007      70.84944530420
0.00000106441 0.94103112994      70.32818044240
0.00000102049 2.61876256513      78.71375183040
0.00000086163 0.70262506622      39.61750834610
Ver=4 URANUS  coord=2 T**n=1 recn=    154
0.00206366162 4.12394311407      74.78159856730
0.00008563230 0.33819986165     149.56319713460
0.00001725703 2.12193159895      73.29712585900
0.00001374449 0.00000000000       0.00000000000
0.00001368860 3.06861722047      76.26607127560
0.00000450639 3.77656180977       1.48447270830
0.00000399847 2.84767037795     224.34479570190
0.00000307214 1.25456766737     148.07872442630
0.00000154336 3.78575467747      63.73589830340
0.00000112432 5.57299891505     151.04766984290
0.00000110888 5.32888676461     138.51749687070
0.00000083493 3.59152795558      71.81265315070
0.00000055573 3.40135416354      85.82729883120
0.00000053690 1.70455769943      77.75054398390
0.00000041912 1.21476607434      11.04570026390
0.00000041377 4.45476669141      78.71375183040
0.00000031959 3.77446207748     222.86032299360
0.00000030297 2.56371683644       2.96894541660
0.00000026977 5.33695500294     213.29909543800
0.00000026222 0.41620628369     380.12776796000
0.00000022992 2.48887389394     146.59425171800
0.00000020408 3.70179681605      70.84944530420
0.00000020094 5.93085633510     529.69096509460
0.00000019590 5.37213500014     299.12639426920
0.00000019411 3.83015453768      38.13303563780
0.00000019102 1.09213276596     111.43016149680
0.00000010847 2.66326308043       3.93215326310
0.00000010249 2.31278807720     109.94568878850
0.00000009405 2.76950513184      39.61750834610
0.00000008082 4.69064168719     184.72728735580
Ver=4 URANUS  coord=2 T**n=2 recn=     60
0.00009211656 5.80044305785      74.78159856730
0.00000556926 0.00000000000       0.00000000000
0.00000286265 2.17729776353     149.56319713460
0.00000094969 3.84237569809      73.29712585900
0.00000045419 4.87822046064      76.26607127560
0.00000020107 5.46264485369       1.48447270830
0.00000014793 0.87983715652     138.51749687070
0.00000014261 2.84517742687     148.07872442630
0.00000013963 5.07234043994      63.73589830340
0.00000010122 5.00290894862     224.34479570190
0.00000008299 6.26655615197      78.71375183040
0.00000004729 5.16274174929      71.81265315070
0.00000003816 6.28224514574      85.82729883120
0.00000003488 3.53472172445      11.04570026390
0.00000002585 0.41383633246      71.60020482960
0.00000002555 1.44444215715     151.04766984290
0.00000002353 4.23069776466       3.93215326310
0.00000001394 4.13126838571     146.59425171800
0.00000001205 5.05109252937     380.12776796000
0.00000001183 3.68471361409      77.75054398390
0.00000001146 1.95280464754     529.69096509460
0.00000001103 5.54212014132     222.86032299360
0.00000001025 4.33698643491       2.96894541660
0.00000000977 1.52652616357      77.96299230500
0.00000000868 5.55175791193      38.13303563780
0.00000000858 2.78728745263     111.43016149680
0.00000000633 0.41074353315     213.29909543800
0.00000000596 5.39265533517     127.47179660680
0.00000000586 4.00404667232     109.94568878850
Ver=4 URANUS  coord=2 T**n=3 recn=     16
0.00000267832 1.25097888291      74.78159856730
0.00000011048 3.14159265359       0.00000000000
0.00000006154 4.00663614486     149.56319713460
0.00000003361 5.77804694935      73.29712585900
0.00000001602 1.05657834344      63.73589830340
0.00000001265 1.66795295537      78.71375183040
0.00000001183 2.58856450374     138.51749687070
0.00000001087 0.28687213135      76.26607127560
0.00000000640 1.87238784591      71.60020482960
0.00000000590 0.80206040001       1.48447270830
0.00000000467 4.42872012006     148.07872442630
0.00000000272 4.00684090176      85.82729883120
0.00000000203 0.60406901282      71.81265315070
0.00000000180 5.55657564049       3.93215326310
0.00000000170 2.93672195979      11.04570026390
0.00000000168 4.67745630044      70.84944530420
Ver=4 URANUS  coord=2 T**n=4 recn=      2
0.00000005719 2.85499529315      74.78159856730
0.00000000300 3.14159265359       0.00000000000