Ver=4 SATURN  coord=2 T**n=0 recn=    500
0.04330678040 3.60284428399     213.29909543800
0.00240348303 2.85238489390     426.59819087600
0.00084745939 0.00000000000       0.00000000000
0.00034116063 0.57297307844     206.18554843720
0.00030863357 3.48441504465     220.41264243880
0.00014734070 2.11846597870     639.89728631400
0.00009916668 5.79003189405     419.48464387520
0.00006993564 4.73604689179       7.11354700080
0.00004807587 5.43305315602     316.39186965660
0.00004788392 4.96512927420     110.20632121940
0.00003432125 2.73255752123     433.71173787680
0.00001506129 6.01304536144     103.09277421860
0.00001060298 5.63099292414     529.69096509460
0.00000969071 5.20434966103     632.78373931320
0.00000942050 1.39646678088     853.19638175200
0.00000707645 3.80302329547     323.50541665740
0.00000552313 5.13149109045     202.25339517410
0.00000399675 3.35891413961     227.52618943960
0.00000319380 3.62571550980     209.36694217490
0.00000316063 1.99716764199     647.01083331480
0.00000314225 0.46510272410     217.23124870110
0.00000284494 4.88648481625     224.34479570190
0.00000236442 2.13887472281      11.04570026390
0.00000215354 5.94982610103     846.08283475120
0.00000208522 2.12003893769     415.55249061210
0.00000207213 0.73021462851     199.07200143640
0.00000178958 2.95361514672      63.73589830340
0.00000140585 0.64417620299     490.33408917940
0.00000139240 4.59535168021      14.22709400160
Ver=4 SATURN  coord=2 T**n=1 recn=    260
0.00397554998 5.33289992556     213.29909543800
0.00049478641 3.14159265359       0.00000000000
0.00018571607 6.09919206378     426.59819087600
0.00014800587 2.30586060520     206.18554843720
0.00009643981 1.69674660120     220.41264243880
0.00003757161 1.25429514018     419.48464387520
0.00002716647 5.91166664787     639.89728631400
0.00001455309 0.85161616532     433.71173787680
0.00001290595 2.91770857090       7.11354700080
0.00000852630 0.43572078997     316.39186965660
0.00000297726 0.91909206723     632.78373931320
0.00000292185 5.31574251270     853.19638175200
0.00000284386 1.61881754773     227.52618943960
0.00000275090 3.88864137336     103.09277421860
0.00000172359 0.05215146556     647.01083331480
0.00000166237 2.44351613165     199.07200143640
0.00000158220 5.20850125766     110.20632121940
0.00000127731 1.20711452525     529.69096509460
0.00000109839 2.45695551627     217.23124870110
0.00000081759 2.75839171353     210.11770170030
0.00000081010 2.86038377187      14.22709400160
0.00000068658 1.65537623146     202.25339517410
0.00000065161 1.25527521313     216.48048917570
0.00000061024 1.25273412095     209.36694217490
0.00000059281 1.82410768234     323.50541665740
0.00000046386 0.81534705304     440.82528487760
0.00000036163 1.81851057689     224.34479570190
0.00000034041 2.83971297997     117.31986822020
0.00000033114 1.30557080010     412.37109687440
Ver=4 SATURN  coord=2 T**n=2 recn=    111
0.00020629977 0.50482422817     213.29909543800
0.00003719555 3.99833475829     206.18554843720
0.00001627158 6.18189939500     220.41264243880
0.00001346067 0.00000000000       0.00000000000
0.00000705842 3.03914308836     419.48464387520
0.00000365042 5.09928680706     426.59819087600
0.00000329632 5.27899210039     433.71173787680
0.00000219335 3.82841533795     639.89728631400
0.00000139393 1.04272623499       7.11354700080
0.00000103980 6.15730992966     227.52618943960
0.00000092961 1.97994412845     316.39186965660
0.00000071242 4.14754353431     199.07200143640
0.00000051927 2.88364833898     632.78373931320
0.00000048961 4.43390206741     647.01083331480
0.00000041373 3.15927770079     853.19638175200
0.00000028602 4.52978327558     210.11770170030
0.00000023969 1.11595912146      14.22709400160
0.00000020511 4.35095844197     217.23124870110
0.00000019532 5.30779711223     440.82528487760
Ver=4 SATURN  coord=2 T**n=3 recn=     58
0.00000666252 1.99006340181     213.29909543800
0.00000632350 5.69778316807     206.18554843720
0.00000398051 0.00000000000       0.00000000000
0.00000187838 4.33779804809     220.41264243880
0.00000091884 4.84104208217     419.48464387520
0.00000051548 3.42149490328     433.71173787680
0.00000042369 2.38073239056     426.59819087600
0.00000025661 4.40167213109     227.52618943960
0.00000020551 5.85313509872     199.07200143640
0.00000018081 1.99321433229     639.89728631400
0.00000010874 5.37344546547       7.11354700080
0.00000009590 2.54901825866     647.01083331480
0.00000007085 3.45518372721     316.39186965660
0.00000006002 4.80055225135     632.78373931320
0.00000005778 0.01680378777     210.11770170030
0.00000005542 3.51756747774     440.82528487760
0.00000004881 5.63719730884      14.22709400160
0.00000004501 1.22424419010     853.19638175200
0.00000003548 4.71299370890     412.37109687440
Ver=4 SATURN  coord=2 T**n=4 recn=     26
0.00000080384 1.11918414679     206.18554843720
0.00000031660 3.12218745098     213.29909543800
0.00000017143 2.48073200414     220.41264243880
0.00000011844 3.14159265359       0.00000000000
0.00000009005 0.38441424927     419.48464387520
0.00000006164 1.56186379537     433.71173787680
0.00000004775 2.63498295487     227.52618943960
0.00000004660 1.28235639570     199.07200143640
0.00000001487 1.43096671616     426.59819087600
0.00000001424 0.66988083613     647.01083331480
0.00000001145 1.72041928134     440.82528487760
Ver=4 SATURN  coord=2 T**n=5 recn=     11
0.00000007895 2.81927558645     206.18554843720
0.00000001014 0.51187210270     220.41264243880
0.00000000967 3.14159265359       0.00000000000
0.00000000772 2.99484124049     199.07200143640
0.00000000588 0.78008666397     227.52618943960
0.00000000583 5.96456944075     433.71173787680
0.00000000445 2.38630799074     419.48464387520
0.00000000098 5.10622131539     647.01083331480
0.00000000091 5.81659714144       7.11354700080
0.00000000089 0.58396864530     213.29909543800
0.00000000088 6.17828532308     440.82528487760