Ver=4 SATURN  coord=1 T**n=0 recn=   1152
0.87401354029 0.00000000000       0.00000000000
0.11107659780 3.96205090194     213.29909543800
0.01414150958 4.58581515873       7.11354700080
0.00398379386 0.52112025957     206.18554843720
0.00350769223 3.30329903015     426.59819087600
0.00206816296 0.24658366938     103.09277421860
0.00079271288 3.84007078530     220.41264243880
0.00023990338 4.66976934860     110.20632121940
0.00016573583 0.43719123541     419.48464387520
0.00015820300 0.93808953760     632.78373931320
0.00015053509 2.71670027883     639.89728631400
0.00014906995 5.76903283845     316.39186965660
0.00014609562 1.56518573691       3.93215326310
0.00013160308 4.44891180176      14.22709400160
0.00013005305 5.98119067061      11.04570026390
0.00010725066 3.12939596466     202.25339517410
0.00006126308 1.76328499656     277.03499374140
0.00005863207 0.23657028777     529.69096509460
0.00005227771 4.20783162380       3.18139373770
0.00005019658 3.17787919533     433.71173787680
0.00004592541 0.61976424374     199.07200143640
0.00004005862 2.24479893937      63.73589830340
0.00003873696 3.22282692566     138.51749687070
0.00003269490 0.77491895787     949.17560896980
0.00002953815 0.98280385206      95.97922721780
0.00002461172 2.03163631205     735.87651353180
0.00001758143 3.26580514774     522.57741809380
0.00001640183 5.50504966218     846.08283475120
0.00001580641 4.37266314120     309.27832265580
Ver=4 SATURN  coord=1 T**n=1 recn=    642
213.54295595986 0.00000000000       0.00000000000
0.01296855005 1.82820544701     213.29909543800
0.00564347566 2.88500136429       7.11354700080
0.00107678770 2.27769911872     206.18554843720
0.00098323030 1.08070061328     426.59819087600
0.00040254586 2.04128257090     220.41264243880
0.00019941734 1.27954662736     103.09277421860
0.00010511706 2.74880392800      14.22709400160
0.00006939233 0.40493079985     639.89728631400
0.00004803325 2.44194097666     419.48464387520
0.00004056325 2.92166618776     110.20632121940
0.00003768630 3.64965631460       3.93215326310
0.00003384684 2.41694251653       3.18139373770
0.00003302200 1.26256486715     433.71173787680
0.00003071382 2.32739317750     199.07200143640
0.00001953036 3.56394683300      11.04570026390
0.00001249348 2.62803737519      95.97922721780
0.00000921683 1.96089834250     227.52618943960
0.00000705587 4.41689249330     529.69096509460
Ver=4 SATURN  coord=1 T**n=2 recn=    321
0.00116441181 1.17987850633       7.11354700080
0.00091920844 0.07425261094     213.29909543800
0.00090592251 0.00000000000       0.00000000000
0.00015276909 4.06492007503     206.18554843720
0.00010631396 0.25778277414     220.41264243880
0.00010604979 5.40963595885     426.59819087600
0.00004265368 1.04595556630      14.22709400160
0.00001215527 2.91860042123     103.09277421860
0.00001164684 4.60942128971     639.89728631400
0.00001081967 5.69130351670     433.71173787680
0.00001044754 4.04206453611     199.07200143640
0.00001020079 0.63369182642       3.18139373770
0.00000633582 4.38825410036     419.48464387520
0.00000549329 5.57303134242       3.93215326310
0.00000456914 1.26840971349     110.20632121940
0.00000425100 0.20935499279     227.52618943960
0.00000273739 4.28841011784      95.97922721780
0.00000161571 1.38139149420      11.04570026390
0.00000129494 1.56586884170     309.27832265580
Ver=4 SATURN  coord=1 T**n=3 recn=    148
0.00016038734 5.73945377424       7.11354700080
0.00004249793 4.58539675603     213.29909543800
0.00001906524 4.76082050205     220.41264243880
0.00001465687 5.91326678323     206.18554843720
0.00001162041 5.61973132428      14.22709400160
0.00001066581 3.60816533142     426.59819087600
0.00000239377 3.86088273439     433.71173787680
0.00000236975 5.76826451465     199.07200143640
0.00000165641 5.11641150216       3.18139373770
0.00000151352 2.73594641861     639.89728631400
0.00000131409 4.74327544615     227.52618943960
0.00000063365 0.22850089497     419.48464387520
0.00000061630 4.74287052463     103.09277421860
0.00000040437 5.47298059144      21.34064100240
0.00000040205 5.96420266720      95.97922721780
0.00000038746 5.83386199529     110.20632121940
0.00000028025 3.01235311514     647.01083331480
0.00000025029 0.98808170740       3.93215326310
0.00000019014 1.91614237463     853.19638175200
Ver=4 SATURN  coord=1 T**n=4 recn=     68
0.00001661894 3.99826248978       7.11354700080
0.00000257107 2.98436499013     220.41264243880
0.00000236344 3.90241428075      14.22709400160
0.00000149418 2.74110824208     213.29909543800
0.00000113953 3.14159265359       0.00000000000
0.00000109598 1.51515739251     206.18554843720
0.00000068390 1.72120953337     426.59819087600
0.00000040060 2.04644897412     433.71173787680
0.00000037699 1.23795458356     199.07200143640
0.00000031219 3.01094184090     227.52618943960
0.00000015111 0.82897064529     639.89728631400
0.00000009444 3.71485300868      21.34064100240
0.00000005690 2.41995290633     419.48464387520
0.00000005608 1.15607095740     647.01083331480
0.00000004470 1.45120818748      95.97922721780
0.00000004463 2.11783225176     440.82528487760
0.00000003229 4.09278077834     110.20632121940
0.00000002871 2.77203153866     412.37109687440
0.00000002796 3.00730249564      88.86568021700
0.00000002638 0.00255721254     853.19638175200
0.00000002574 0.39246854091     103.09277421860
0.00000002225 3.77689198137     117.31986822020
0.00000001921 2.82884328662     234.63973644040
Ver=4 SATURN  coord=1 T**n=5 recn=     27
0.00000123615 2.25923345732       7.11354700080
0.00000034190 2.16250652689      14.22709400160
0.00000027546 1.19868150215     220.41264243880
0.00000005818 1.21584270184     227.52618943960
0.00000005318 0.23550400093     433.71173787680
0.00000003677 6.22669694355     426.59819087600
0.00000003057 2.97372046322     199.07200143640
0.00000002861 4.28710932685     206.18554843720
0.00000001617 6.25265362286     213.29909543800
0.00000001279 5.27612561266     639.89728631400
0.00000001038 0.23516951637     440.82528487760