11
#三角形==================begin===========
3
三角形
30 0 8 N9
60 0 9 NULL
30 40 0 Z4
3
0 1
1 2
2 0
#三角形==================end=============
#四边形==================begin===========
4
四边形
60 0 3 U7
90 0 5 NULL
90 40 4 U9
60 40 3 NULL
4
0 1
1 2
2 3
3 0
#四边形==================end=============
#小熊座==================begin===========
7
小熊座
88.5 66.0 1.95 北极星
91.2 70.0 4.35 UMI
99.0 74.0 4.20 U9
117.4 75.0 4.25 NULL
133.31 73.0 2.05 I9
141.5 75.23 3 太子
120.3 77.82 4.95 IM
7
0 1
1 2
2 3
3 4
4 5
5 6
6 3
#小熊座==================end=============
#天龙座==================begin===========
14
天龙座
130.33 57.23 1.95 pp
136.25 61.75 4.35 UMI
157.45 66.35 4.20 U9
185 71 4.25 NULL
196.65 74.43 2.05 I9
194.5 78.5 3 太子
183.37 84.75 4.95 IM
75.92 83.57 1.95 北极星
55 80.68 4.35 UMI
32.68 80 4.20 U9
264.75 80.27 4.25 NULL
250.4 78 2.05 I9
252 75.27 3 太子
268 75 4.95 IM
14
0 1
1 2
2 3
3 4
4 5
5 6
6 7
7 8
8 9
9 10
10 11
11 12
12 13
13 10
#天龙座==================end=============
#长蛇座==================begin===========
18
长蛇座
207.01 -13.44 2.95 γHya
204.50 -14.34 4.90 ψHya
193.26 -31.28 4.6 βHya
187.59 -31.35 3.5 ξHya
170.21 -21.47 3.1 υHya
165.02 -24.40 3.8 μHya
159.21 -22.00 3.6 λHya
155.41 -26.04 4.1 υ1Hya
147.16 -22.22 1.95 星宿一
145.35 -16.41 4.55 τ1Hya
145.44 -14.58 4.5 τ2Hya
140.17 -13.03 3.85 θHya
134.34 -10.58 3.1 Hydrobius
132.54 -11.33 4.35 ρHya
132.20 -11.06 3.4 εHya
130.18 -12.23 4.1 δHya
131.12 -14.36 4.45 Minchir
132.18 -14.15 4.30 ηHya
18
0 1
1 2
2 3
3 4
4 5
5 6
6 7
7 8
8 9
9 10
10 11
11 12
12 13
13 14
14 15
15 16
16 17
17 13
#长蛇座==================end=============
#南十字座==================begin=========
4
南十字座
216.44 -47.49 1.55 十字架一
221.52 -52.52 1.25 十字架二
221.38 -48.38 1.25 十字架三
215.39 -50.25 2.75 δCru
2
0 1
2 3
#南十字座==================end============
#小马座==================begin=========
4
小马座
323.07 20.07 3.90 虚宿二
325.26 21.01 5.15 βEqu
324.26 24.43 5.15 δEqu
323.25 25.10 4.70 γEqu
4
0 1
1 2
2 3
3 0
#小马座==================end============
#天箭座==================begin=========
5
天箭座
301.04 38.47 4.35 左旗一
301.12 38.13 4.35 βSge
303.23 38.54 4.30 δSge
307.02 39.11 3.50 γSge
309.05 39.16 5.05 ηSge
4
0 2
1 2
2 3
3 4
#天箭座==================end============
#圆规座==================begin=========
5
圆规座
242.21 -46.12 3.15 αCir
243.04 -44.41 6.15 AXCir
245.26 -39.10 4.90 γCir
244.18 -38.55 4.05 βCir
243.05 -43.33 5.05 θCir
2
0 2
0 3
#圆规座==================end============
#室女座=================begin============
11
室女座
174.09 4.35 4.00 vVir
184.35 1.07 5.90 13Vir
190.08 2.47 3.40 yVir
191.27 8.36 3.35 δVir
189.56 16.12 2.85 εVir
203.50 -2.03 095 αVir
214.29 2.54 4.15 κVir
220.07 9.40 3.85 μVir
202.08 8.38 3.35 ζVir
207.44 13.03 4.20 τVir
218.31 17.06 3.70 109Vir
11
0 1
1 2
2 3
3 4
2 5
5 6
6 7
5 8
8 3
8 9
9 10
#室女座==================end=============
#大熊座=================begin============
18
大熊座
176.55 54.23 1.85 摇光
165.42 56.22 2.20 开阳
158.56 54.19 1.75 玉衡
151.03 51.39 3.30 天权
150.28 47.08 2.40 天玑
153.39 41.32 3.65 Alkaphrah
148.48 35.32 3.00 ψUMa
141.14 28.59 3.05 中台二
139.32 29.53 3.45 中台一
135.11 49.40 2.00 天枢
139.26 45.07 2.30 天璇
129.20 38.15 5.52 ψUMa
127.15 34.53 3.15 θUMa
123.56 28.58 4.15 κUMa
122.47 29.34 3.10 上台一
126.16 42.39 3.75 μUMa
112.59 40.14 3.35 內阶一
120.49 45.10 3.65 hUMa
19
0 1
1 2
2 3
3 4
4 5
5 6
6 7
6 8
3 9
9 10
4 10
10 11
11 12
12 13
12 14
11 15
15 16
16 17
17 9
#大熊座==================end=============